#doc name topic proportion ...
0	France_issues_pollution_alert_as_ship_splits_off_Basque_coast$AAA$.html.txt	9	0.47383649174228487	10	0.45090508940169777	1	0.07221284682860749	8	7.535456327918629E-4	2	4.5846871362905186E-4	6	4.2821742753393105E-4	0	3.687840559051506E-4	7	3.532638407264066E-4	3	3.242739886819073E-4	4	2.6500863586677575E-4	5	9.400973227477296E-5	
1	NSW_Parliament_passes_alcohol-fuelled_violence_bill_hours_after_drafting$AAA$.html.txt	0	0.41138032738718977	10	0.3071073933431516	7	0.13594698113207093	1	0.07430808806677516	3	0.06610648621427435	5	0.003925471277645018	8	3.7060893606282033E-4	9	2.8821692968917E-4	2	2.2548415753752285E-4	6	2.1060596507463665E-4	4	1.3033659052891493E-4	
2	20.html.txt	1	0.9298635490146707	10	0.0613271912472984	7	0.006302149725889869	8	5.762758129421269E-4	9	4.481609300218186E-4	2	3.5061503797221134E-4	6	3.274802950603301E-4	0	2.820284829061388E-4	3	2.479893032506871E-4	4	2.026659838834108E-4	5	7.189416610431121E-5	
3	32.html.txt	5	0.9984000270542954	10	3.4661040542458124E-4	1	3.2243556911001263E-4	8	1.9829807547989874E-4	9	1.5421339562195544E-4	2	1.2064758871145504E-4	6	1.1268686071781116E-4	0	9.704676846539668E-5	7	9.296257148109949E-5	3	8.53337941135329E-5	4	6.973791657876934E-5	
4	Canadian_city_announces_first_Studios_of_Brampton_tour$AAA$.html.txt	10	0.6057217656702166	6	0.3809220978741139	4	0.01060365668411292	1	8.099992892454102E-4	8	4.981500665103356E-4	9	3.8740372593101184E-4	2	3.030821363014956E-4	0	2.437938646083888E-4	7	2.335338406800416E-4	3	2.1436937857495638E-4	5	6.214746970503934E-5	
5	7.html.txt	9	0.8569687365023237	1	0.11158334113516824	8	0.014473661228157944	10	0.008060289303206725	7	0.007216244372907228	2	4.014699594377486E-4	6	3.749796401629323E-4	0	3.2293527467464544E-4	3	2.8395888577072305E-4	4	2.320616502921732E-4	5	8.232204789800317E-5	
6	Northumbria_Police_arrest,_bail_man_over_murder_of_seven-year-old$AAA$.html.txt	1	0.9940122372709997	10	0.0015936869769886492	8	9.117587224974136E-4	9	7.090608834401691E-4	2	5.547279825572506E-4	6	5.181251906841146E-4	0	4.4621329493175956E-4	7	4.2743448320694237E-4	3	3.923579738155298E-4	4	3.2064937380562426E-4	5	1.137478470727811E-4	
7	81.html.txt	2	0.7349912569746467	1	0.20317254551172342	9	0.059870252686642186	10	6.632341243008033E-4	8	3.7944057184417725E-4	6	2.1562471933534098E-4	0	1.856976233028159E-4	7	1.7788256995196738E-4	3	1.632850120088757E-4	4	1.33442520215241E-4	5	4.733768602851235E-5	
8	60.html.txt	4	0.7834872534835797	8	0.18146585386419745	2	0.030562145140799375	10	0.0012576250065695022	1	0.0011699101595738272	9	5.595406821229052E-4	6	4.088677423776019E-4	0	3.521199621209869E-4	7	3.373010525359845E-4	3	3.096211530383025E-4	5	8.976175308433352E-5	
9	Jade_Rabbit_lunar_rover_declared_lost$AAA$.html.txt	10	0.5977709688470915	9	0.30986480106412734	2	0.08880454402768075	1	0.001144062028887312	8	7.03598859096645E-4	6	3.9983417107984816E-4	0	3.4434018285866343E-4	7	3.2984868397990217E-4	3	3.02780347390492E-4	4	2.474432413015175E-4	5	8.777854650612948E-5	
10	47.html.txt	0	0.6175631419649983	8	0.18848222656393424	7	0.13591715224072842	1	0.021851992382962006	9	0.015551968970602648	4	0.01548914107223961	10	0.004888970688233357	2	8.973058841647894E-5	6	8.380986662897935E-5	3	6.346626268620123E-5	5	1.839939856990166E-5	
11	43.html.txt	4	0.6593557935900788	1	0.21196105523427355	2	0.12066177178389859	10	0.0025005094378323166	8	0.001430557771726685	9	0.0011125230089977015	6	8.129431613555344E-4	0	7.001127394360747E-4	7	6.706486121468449E-4	3	6.156132482103384E-4	5	1.7847141204355962E-4	
12	Football__Ronaldo_to_play_for_Corinthians$AAA$.html.txt	6	0.5342068854165091	10	0.4629105355838485	1	7.975238633386606E-4	8	4.904776718209753E-4	9	3.8143702133877264E-4	2	2.984141337670599E-4	0	2.4003900662909912E-4	7	2.299370052694369E-4	3	2.110677098764823E-4	4	1.724922991734607E-4	5	6.119028842859714E-5	
13	Large_earthquakes_reported_in_Indonesia_and_Japan$AAA$.html.txt	10	0.6078730081726809	9	0.3827724335188792	6	0.006398063718173676	1	9.427193690012543E-4	8	5.797729980800936E-4	2	3.5274277901635475E-4	0	2.837399998512404E-4	7	2.717988495168001E-4	3	2.4949425016365103E-4	4	2.0389588187824415E-4	5	7.233046275872548E-5	
14	57.html.txt	1	0.4815348773234523	3	0.23790736748863017	8	0.1639346189827378	9	0.08404268773290761	10	0.013063762502243831	2	0.004547213299797451	6	0.004247173086848459	0	0.003657697273367193	7	0.0035037636967052872	4	0.0026284253597936716	5	9.324132535161871E-4	
15	48.html.txt	2	0.9196255431145178	10	0.03686439670058828	1	0.019654468986500695	9	0.01827572213580941	8	0.0016252485709647702	6	9.235801149602877E-4	0	7.953941125420722E-4	7	7.619200846363374E-4	3	6.993947198044288E-4	4	5.715711006645375E-4	5	2.0276035901140623E-4	
16	80.html.txt	2	0.7093158286163539	1	0.18145724072629985	8	0.07922568391001848	0	0.014119550075795973	10	0.010042465557955524	3	0.004824817142103585	9	3.4431553158105965E-4	6	2.515983530079927E-4	7	2.07559512502557E-4	4	1.5570533105332897E-4	5	5.5235243327832624E-5	
17	3.html.txt	2	0.969531193225737	10	0.0070215117941989985	1	0.0065317864551756475	8	0.0040170527311305234	9	0.0031240007779242632	6	0.0022827708262599593	0	0.0019659393333387705	7	0.0018832031060176475	3	0.0017286620148577558	4	0.0014127262081496882	5	5.011535272098574E-4	
18	China_anti-textbook_protests_grow_larger$AAA$.html.txt	2	0.5334818265861971	10	0.39873581389153323	8	0.05513691473282733	6	0.011155890921469345	1	5.673983959066417E-4	9	2.713733895572772E-4	0	1.707757643090606E-4	7	1.6358869489282538E-4	3	1.5016413366022356E-4	4	1.2271965561952072E-4	5	4.3533834027368244E-5	
19	15.html.txt	2	0.3802435767191172	5	0.36363878689681495	10	0.060009136843237276	1	0.05582371413849545	8	0.03433161890407553	9	0.026699177566819558	6	0.019509631388493733	0	0.016801840677287825	7	0.016094738028637662	3	0.014773957296633625	4	0.012073821540387159	
20	British_scholar_Tony_Judt_dies_aged_62$AAA$.html.txt	3	0.5857503595429489	10	0.35448231284791537	1	0.055200436464458755	9	0.00345674696158436	8	3.074063513196971E-4	2	1.870307361861786E-4	6	1.7468982798294843E-4	0	1.5044418827120265E-4	7	1.4411276982462785E-4	4	1.0810936229328174E-4	5	3.835094721478106E-5	
21	41.html.txt	3	0.926317446764665	1	0.04908223706676454	2	0.020977281305321668	10	0.001145477827519187	8	6.553353423527693E-4	9	5.09644322925069E-4	6	3.7240745916695234E-4	0	3.2072009313548563E-4	7	3.0722264177362476E-4	4	2.304698183555968E-4	5	8.175735802027702E-5	
22	Piers_Morgan_interviewed_by_police_investigating_phone_hacking$AAA$.html.txt	1	0.8771446250687365	4	0.07816095488306922	10	0.040541730835445634	8	9.295001946769111E-4	9	7.228581563663508E-4	2	5.655221661793943E-4	6	5.282071382752934E-4	0	4.5489594371023195E-4	7	4.3575172416692164E-4	3	3.99992677937455E-4	5	1.1596121143609839E-4	
23	73.html.txt	6	0.7138469424540514	8	0.2767566650117283	1	0.006648207853559161	10	9.609176357934494E-4	9	4.275300718315367E-4	2	3.344746548124548E-4	0	2.69045446575476E-4	7	2.5772271405260735E-4	3	2.365732430693084E-4	4	1.9333635942621184E-4	5	6.858455510021409E-5	
24	Mexico_and_world_react_to_murdered_journalists$AAA$.html.txt	1	0.6547618304694147	10	0.2976311504354557	0	0.046689353302244045	8	2.1193488884102337E-4	9	1.6481853784934463E-4	2	1.2894443499070508E-4	6	1.2043625356562834E-4	7	9.935553940975935E-5	3	9.120213661210065E-5	4	7.453374200610569E-5	5	2.6440259610835773E-5	
25	2011_BRIT_Awards_highlights$AAA$.html.txt	6	0.8052103424257877	10	0.1679622087127904	8	0.025969020535401063	1	2.8619902802822227E-4	9	1.36882305068758E-4	2	1.0708875177287292E-4	0	8.614028187008099E-5	7	8.251508254604848E-5	3	7.574365632384928E-5	4	6.19005030885634E-5	5	2.1958717322536753E-5	
26	72.html.txt	6	0.9021390556121889	8	0.09577744558946491	10	5.497050528389932E-4	1	5.113650911249311E-4	9	2.445739696850879E-4	2	1.9134044474599068E-4	0	1.539108409679068E-4	7	1.474335290236569E-4	3	1.3533470740634802E-4	4	1.1060050280618324E-4	5	3.9234659747056585E-5	
27	Leak_suggests_John_Kerry_will_recognise_Israel_as_Jewish_state$AAA$.html.txt	3	0.5563380300977294	10	0.29580314844412	1	0.08779911853661578	8	0.048821945707758566	9	0.005195294639099266	4	0.0049984753798492714	2	2.810965893232418E-4	6	2.625489041896815E-4	0	2.2610908275761714E-4	7	2.165933199092113E-4	5	5.7639298648001E-5	
28	58.html.txt	1	0.916455716592129	0	0.0815744978005977	10	5.664880747019243E-4	8	3.2409152534847163E-4	9	2.520410472735687E-4	2	1.971822518220764E-4	6	1.8417151295282373E-4	7	1.51934815901327E-4	3	1.394666056697598E-4	4	1.1397724210857968E-4	5	4.0432531494676085E-5	
29	65.html.txt	3	0.8808115360329399	10	0.07960712281087734	9	0.027004094334257902	1	0.0039048046159951668	8	0.002401457266684731	2	0.0014610834115154287	6	0.001364676282791809	0	0.0011752694360522016	7	0.0011258084188296386	4	8.445499338621456E-4	5	2.995974561937339E-4	
30	Over_100_people_die_in_stampede_at_Hindu_temple_near_Jodhpur__India$AAA$.html.txt	10	0.5825961386566305	6	0.3480832864015087	1	0.06688547436651156	8	5.728205648146266E-4	9	4.454738361346556E-4	2	3.4851281204806246E-4	0	2.803374898684681E-4	7	2.685395335963384E-4	3	2.465024031302007E-4	4	2.014508343914583E-4	5	7.146310136546357E-5	
31	87.html.txt	1	0.8913123208188908	0	0.09769429684351044	8	0.007619387800908511	10	0.0011614112793728484	9	5.167334110651731E-4	2	4.0426215764347316E-4	6	3.7758759987158034E-4	7	3.1149606990418604E-4	3	2.8593380188265076E-4	4	2.33675624409865E-4	5	8.289459254058189E-5	
32	1.html.txt	2	0.969531193225737	10	0.0070215117941989985	1	0.0065317864551756475	8	0.0040170527311305234	9	0.0031240007779242632	6	0.0022827708262599593	0	0.0019659393333387705	7	0.0018832031060176475	3	0.0017286620148577558	4	0.0014127262081496882	5	5.011535272098574E-4	
33	Japan_government_panel_urges_reinterpretation_of_pacifist_constitution$AAA$.html.txt	10	0.32463699437657967	3	0.25766426473622966	2	0.19959122608664256	9	0.1373615685917335	1	0.07955446661406317	8	3.967750617454777E-4	6	2.2547539107985903E-4	0	1.941810955899072E-4	7	1.8600901672982022E-4	4	1.395387529081042E-4	5	4.950027669830809E-5	
34	54.html.txt	2	0.9433324510392872	6	0.035341751733591754	1	0.01967929413183066	10	5.33887859128736E-4	8	3.054407292176564E-4	9	2.3753660694844105E-4	0	1.4948221588410022E-4	7	1.431912818841949E-4	3	1.3144059133135137E-4	4	1.074180878578352E-4	5	3.810572303787011E-5	
35	64.html.txt	1	0.4151794076680595	2	0.3802435767191172	10	0.060009136843237276	8	0.03433161890407553	9	0.026699177566819558	6	0.019509631388493733	0	0.016801840677287825	7	0.016094738028637662	3	0.014773957296633625	4	0.012073821540387159	5	0.004283093367250854	
36	Haunted_attractions_in_Texas_prepare_for_2013_Halloween_season$AAA$.html.txt	10	0.7274897597837475	6	0.11651287159108709	4	0.06658947943862652	7	0.05417658582387602	9	0.033533536270298495	1	6.45162049772551E-4	8	3.967750617454777E-4	2	2.4140402948733157E-4	0	1.941810955899072E-4	3	1.7074457907083964E-4	5	4.950027669830809E-5	
37	Toll_New_Zealand_announces_that_the_Overlander_train_service_will_stay$AAA$.html.txt	9	0.4807149149294391	10	0.3930094760251545	8	0.1244903243876049	1	6.21916015939061E-4	2	2.3270592605892672E-4	6	2.1735121736023364E-4	0	1.8718449633318014E-4	7	1.793068681800721E-4	3	1.6459242820678145E-4	4	1.3451098884118744E-4	5	4.7716716882132204E-5	
38	50.html.txt	2	0.64768330631195	1	0.2862887521843736	9	0.03139320979036661	10	0.02440224696457	8	0.008441310764318918	6	4.1831894563619244E-4	0	3.6025940915601173E-4	7	3.4509795230684E-4	3	3.167782166733732E-4	4	2.588828151593413E-4	5	9.183664548918353E-5	
39	Rick_Perry_withdraws_from_U.S._presidential_race__endorses_Gingrich$AAA$.html.txt	4	0.5866705050807407	10	0.40386346867133854	1	0.007901320127822055	8	3.5022959069000865E-4	9	2.7236822292341794E-4	2	2.1308505143022776E-4	6	1.9902499310610642E-4	0	1.714018147436298E-4	7	1.6418839809979164E-4	3	1.5071462348830334E-4	5	4.3693425617085694E-5	
40	Slave_workers_in_Italy_freed_by_police$AAA$.html.txt	1	0.8575481101430892	10	0.13911022807685905	8	6.933856964581624E-4	9	5.392355042666414E-4	2	4.2186648620889033E-4	6	3.940303364589332E-4	0	3.3934187701289276E-4	7	3.2506073099785584E-4	3	2.983853076719717E-4	4	2.438514531191854E-4	5	8.650438785728272E-5	
41	9.html.txt	6	0.8566335641670623	1	0.0805938455116873	10	0.0581981346645175	8	0.001076071477102488	9	8.368444122027275E-4	2	6.546983811083389E-4	0	5.266277004345837E-4	7	5.044646619329028E-4	3	4.6306683338344937E-4	4	3.7843525571973314E-4	5	1.342469348486904E-4	
42	78.html.txt	10	0.41936483037280137	1	0.4151794076680595	8	0.03433161890407553	9	0.026699177566819558	2	0.020887883189553154	6	0.019509631388493733	0	0.016801840677287825	7	0.016094738028637662	3	0.014773957296633625	4	0.012073821540387159	5	0.004283093367250854	
43	Sky_purchases_UK_Glee_rights$AAA$.html.txt	6	0.536392132473178	10	0.4296044403273749	8	0.012294474077485124	7	0.012092916075592914	1	0.00856033158625462	9	2.9508515843744887E-4	2	2.308574601216245E-4	0	1.856976233028159E-4	3	1.632850120088757E-4	4	1.33442520215241E-4	5	4.733768602851235E-5	
44	Two_dead_in_storms_with_no_sign_of_floods_letting_up_in_Britain$AAA$.html.txt	9	0.781490602154697	1	0.12378694684374801	6	0.09061363193370459	10	0.0031991394629714283	8	2.618999708823634E-4	2	1.5934395678873062E-4	0	1.2817343675073286E-4	7	1.2277927914896783E-4	3	1.1270365655102559E-4	4	9.210557529201951E-5	5	3.267372946506404E-5	
45	Chubu_International_Airport_opens$AAA$.html.txt	10	0.9943910384019639	1	0.0014150117958721805	8	8.702331342578155E-4	9	6.767670653981643E-4	2	5.294631781520251E-4	6	4.945274418564659E-4	0	4.2589073689621175E-4	7	4.079671966199393E-4	3	3.744882290451605E-4	4	3.060455608259518E-4	5	1.0856725911224366E-4	
46	Pop_culture_celebrated_at_Fan_Expo_Canada_2016_in_Toronto$AAA$.html.txt	6	0.5707767895007866	10	0.30529508795321225	7	0.05483515690814371	8	0.03412226400019371	0	0.023572594825272672	1	0.008221692690651598	4	0.0026931864544130287	9	1.9359221722965288E-4	2	1.5145528770612557E-4	3	1.0712401695346355E-4	5	3.105614543716018E-5	
47	Researchers_survey_planet-sized_space_weather_explosions_at_Venus$AAA$.html.txt	9	0.7586008449933329	2	0.08762749812334075	4	0.06998959296973913	1	0.062338142161195015	10	0.018879062947061275	8	8.323253008878248E-4	6	4.7298555483239773E-4	0	4.073387024441414E-4	7	3.901959214281708E-4	3	3.5817531607181804E-4	5	1.0383800966649198E-4	
48	2.html.txt	2	0.969531193225737	10	0.0070215117941989985	1	0.0065317864551756475	8	0.0040170527311305234	9	0.0031240007779242632	6	0.0022827708262599593	0	0.0019659393333387705	7	0.0018832031060176475	3	0.0017286620148577558	4	0.0014127262081496882	5	5.011535272098574E-4	
49	UK_drugs_policy_petition_reaches_signatures,_may_prompt_Parliamentary_debate$AAA$.html.txt	7	0.5957651942156426	10	0.3294284951746269	8	0.07236542250755565	1	7.975238633386606E-4	9	3.8143702133877264E-4	2	2.984141337670599E-4	6	2.787237796228095E-4	0	2.4003900662909912E-4	3	2.110677098764823E-4	4	1.724922991734607E-4	5	6.119028842859714E-5	
50	New_Zealand_Labour_party_drops_in_latest_poll$AAA$.html.txt	10	0.8152543951085094	8	0.09905209767117223	0	0.06248875974577036	1	0.016367355293687616	9	0.005572580064567464	2	3.0150999292548016E-4	6	2.816153637274965E-4	7	2.3232245724061858E-4	3	2.132574047626433E-4	4	1.7428179840867444E-4	5	6.182509922809473E-5	
51	45.html.txt	6	0.8112302067694281	1	0.11153112344007915	10	0.068600575645575	9	0.006599577049959938	8	5.868962708949746E-4	2	3.570766873852051E-4	0	2.872261184427024E-4	7	2.751382553916689E-4	3	2.5255961473831225E-4	4	2.0640101060493386E-4	5	7.321913749998311E-5	
52	Kenyan_court_jails_seven_pirates_for_2009_attempted_hijack_of_Maltese_ship$AAA$.html.txt	10	0.6054382049873572	1	0.30307517077174684	7	0.059691858075593414	8	0.030208411503374312	9	3.6820467595259643E-4	2	2.8806191658514333E-4	6	2.690546360604864E-4	0	2.3171186777214513E-4	3	2.037456077188254E-4	4	1.6650840785869582E-4	5	5.9067549980386024E-5	
53	13.html.txt	7	0.37545043155820174	5	0.36363878689681495	10	0.060009136843237276	1	0.05582371413849545	8	0.03433161890407553	9	0.026699177566819558	2	0.020887883189553154	6	0.019509631388493733	0	0.016801840677287825	3	0.014773957296633625	4	0.012073821540387159	
54	36.html.txt	8	0.9748797362603205	1	0.021496693049590513	10	0.0011376739284670852	9	5.061722235504372E-4	2	3.9599969897414984E-4	6	3.6987032562515104E-4	0	3.185350947263671E-4	7	3.0512959865631377E-4	3	2.800897816706441E-4	4	2.28899676050094E-4	5	8.120036236883034E-5	
55	84.html.txt	9	0.9037591786980396	2	0.0539993016291559	8	0.03953231544112662	10	8.154539894757626E-4	1	7.585789897379719E-4	6	2.6511307420582674E-4	0	2.2831736518094163E-4	7	2.1870866713689314E-4	3	2.0076080163186234E-4	4	1.6406911449246515E-4	5	5.820222981619992E-5	
56	14.html.txt	3	0.7483927719655827	1	0.13085064535884	8	0.09234346767377297	0	0.015437955805247797	7	0.010825098968001087	10	0.0017932111790817465	9	1.1416613940312574E-4	2	8.931694536607405E-5	6	8.342351711875957E-5	4	5.16278671752548E-5	5	1.831458041051609E-5	
57	UK_drugs_policy_petition_reaches_signatures_may_prompt_Parliamentary_debate$AAA$.html.txt	7	0.5392920232732795	10	0.35509811833024646	8	0.08263327176980347	1	0.021333222387834284	9	3.8143702133877264E-4	2	2.984141337670599E-4	6	2.787237796228095E-4	0	2.4003900662909912E-4	3	2.110677098764823E-4	4	1.724922991734607E-4	5	6.119028842859714E-5	
58	Windows_Vista_faces_possible_trademark_challenges$AAA$.html.txt	10	0.4423748370593529	4	0.33387759332222733	2	0.1235126052807408	7	0.08750665573437584	1	0.011065373125586472	8	4.904776718209753E-4	9	3.8143702133877264E-4	6	2.787237796228095E-4	0	2.4003900662909912E-4	3	2.110677098764823E-4	5	6.119028842859714E-5	
59	29.html.txt	7	0.6512217596899526	1	0.26435369993356367	0	0.06296591529916787	8	0.015323782814153995	4	0.005112334519080569	10	4.198043120383362E-4	9	1.8677872170879585E-4	2	1.461248052148194E-4	6	1.3648300598896447E-4	3	1.0335377752889623E-4	5	2.996312160149555E-5	
60	Mississippi_tornado_kills_at_least_ten$AAA$.html.txt	10	0.8189658872461769	9	0.09661194956583656	1	0.04887481514920783	4	0.03385073230812346	8	4.597907669538171E-4	2	2.7974375046515166E-4	6	2.6128533012572037E-4	0	2.2502088330966913E-4	7	2.155509171526308E-4	3	1.9786218574026297E-4	5	5.736189690808017E-5	
61	Watchdog_finds_police_could_have_prevented_Tayside_Scotland_road_crash$AAA$.html.txt	9	0.41251001259617226	10	0.3421370026822737	1	0.24261027654573605	8	6.78610044126234E-4	2	4.1287675284323963E-4	6	3.8563377551242216E-4	0	3.32110695836214E-4	7	3.181338728689376E-4	3	2.920268875464383E-4	4	2.3865511822169732E-4	5	8.466102886286679E-5	
62	21.html.txt	8	0.9945884704850131	1	0.0037056054816015788	10	5.356002304677566E-4	9	2.3829847270498872E-4	2	1.8643086101260975E-4	6	1.7412953456263239E-4	0	1.4996165938107532E-4	7	1.4365054808196208E-4	3	1.3186216881720588E-4	4	1.0776261649206999E-4	5	3.822794186503954E-5	
63	67.html.txt	6	0.8074242210494078	10	0.044145279362036355	1	0.0410663039881411	8	0.02525580248605393	9	0.019641053253321213	2	0.015366017363209633	0	0.01236015029566094	7	0.011839975442224185	3	0.010868352828444096	4	0.008882017854383284	5	0.0031508260771173223	
64	8.html.txt	0	0.8727246224464236	10	0.028877381968938843	1	0.026863287840872416	8	0.016520938724629515	9	0.01284808263227768	2	0.010051592359393837	6	0.009388354962519729	7	0.007745052206918274	3	0.007109470832119786	4	0.005810121171337158	5	0.002061094854569133	
65	44.html.txt	0	0.6148609477910072	1	0.17354384520769206	4	0.13233211656250005	7	0.06528672396657677	3	0.013117247607600881	10	3.1109590350100367E-4	8	1.7797999710470998E-4	9	1.384123352679002E-4	2	1.0828575838463792E-4	6	1.0114070495014936E-4	5	2.220416541475752E-5	
66	31.html.txt	5	0.7257065525697295	6	0.1461918732226124	1	0.12576110194579887	10	6.964258748320815E-4	8	3.984297889858234E-4	9	3.098527836326452E-4	2	2.424107909046561E-4	0	1.949909165172086E-4	7	1.867847564791349E-4	3	1.7145665937368668E-4	4	1.401206911340228E-4	
67	27.html.txt	8	0.9806139129470169	1	0.013050326340142767	7	0.004321183908685706	10	6.90665117695883E-4	9	3.0728971597679E-4	2	2.404055958881265E-4	6	2.2454283744052615E-4	0	1.9337797341096452E-4	3	1.7003838901681075E-4	4	1.389616284102634E-4	5	4.929554631526313E-5	
68	30.html.txt	3	0.6789403756891543	1	0.21937904999427385	2	0.09741361482152665	10	0.0013490644382355183	8	7.718085712769601E-4	9	6.002237805823551E-4	6	4.385957088177387E-4	0	3.777219094792297E-4	7	3.6182554623094576E-4	4	2.714313874616898E-4	5	9.628815296068897E-5	
69	Ghana_bans_gay_and_lesbian_conference$AAA$.html.txt	1	0.670874286264064	0	0.19604062469365613	10	0.1051732127653961	8	0.026527388920349004	9	3.233373803913708E-4	2	2.52960354884654E-4	6	2.3626919180448248E-4	7	1.9491351069676372E-4	3	1.7891834452024786E-4	4	1.4621865480355804E-4	5	5.186991943375864E-5	
70	55.html.txt	4	0.7855032193403725	8	0.08319588139234013	1	0.06261385037276632	6	0.062351906807092204	9	0.005376853451964557	10	4.328625725165125E-4	2	1.5067010337898795E-4	0	1.2119634377648957E-4	7	1.1609581596307473E-4	3	1.0656865767584567E-4	5	3.0895142153432785E-5	
71	56.html.txt	1	0.6518783653007771	4	0.28381015830914397	8	0.04420559589303066	10	0.006738189343170346	9	0.002997945366588464	2	0.0023454180365384725	6	0.0021906595766332036	0	0.001886612435254607	7	0.0018072146671429168	3	0.0016589094069572373	5	4.8093166476307513E-4	
72	Motor_sport_legend_Peter_Brock_dies_in_rally$AAA$.html.txt	5	0.3155599224189183	1	0.28905684378882884	10	0.21494152966359828	9	0.17696983891542484	8	8.863810441620669E-4	2	5.392878140591711E-4	6	5.037038157060881E-4	0	4.3379349878578354E-4	7	4.1553737210001606E-4	3	3.814371740402064E-4	4	3.1172449437635993E-4	
73	Scottish_Parliament_approve_same-sex_marriage$AAA$.html.txt	0	0.4338881649942657	10	0.37498846335009356	1	0.1058084321861051	3	0.04515613545675623	6	0.03777983542031683	8	7.14117387322637E-4	9	5.553582247593039E-4	2	4.344799647142009E-4	7	3.347797930172356E-4	4	2.5114242114570125E-4	5	8.909080150359594E-5	
74	Job_market_in_France_suffers_as_unemployment_rate_hits_fifteen_year_high$AAA$.html.txt	8	0.5163658818955996	10	0.48097693477589565	1	7.934503490481087E-4	9	3.794887546739177E-4	2	2.9688992327721455E-4	6	2.7730014159565736E-4	0	2.3881295889718526E-4	7	2.2876255555081572E-4	3	2.0998963889706784E-4	4	1.7161125989928556E-4	5	6.08777466655038E-5	
75	39.html.txt	2	0.7721456134513911	1	0.09262052364394359	3	0.07002007504252611	9	0.04788793846802723	7	0.009672663717623101	10	0.006884083898337157	8	3.0350008462217705E-4	6	1.7247001354347502E-4	0	1.4853246744970256E-4	4	1.0673559756850159E-4	5	3.786361496780465E-5	
76	37.html.txt	2	0.3464941730561256	9	0.2024567628289612	3	0.1295619071418357	1	0.11679727694084269	0	0.1069093537881833	8	0.07623316767787566	10	0.01969461069575973	6	0.001706571723779013	7	7.24975948306814E-5	4	5.4385664465955486E-5	5	1.9292887340472897E-5	
77	26.html.txt	8	0.9961547677826444	1	0.002633065853785332	10	3.805776640622517E-4	9	1.6932605875181098E-4	2	1.3247085710050798E-4	6	1.2372999065033677E-4	0	1.065571946754128E-4	7	1.020727529981645E-4	3	9.36963677980635E-5	4	7.657211951154532E-5	5	2.716335802208013E-5	
78	85.html.txt	9	0.84973985048461	8	0.03863246316389425	1	0.032673683467699895	6	0.03203322495110172	0	0.02564764050366854	10	0.020071844055928625	2	3.68392140717272E-4	7	2.8385715023621576E-4	3	2.6056301186586886E-4	4	2.1294168123872433E-4	5	7.553938903883947E-5	
79	Tanzania_accused_of_supporting_terrorism_to_destabilise_Burundi$AAA$.html.txt	10	0.502843331544486	2	0.2751571485879509	0	0.1174808689236591	1	0.10321526215381588	8	3.5022959069000865E-4	9	2.7236822292341794E-4	6	1.9902499310610642E-4	7	1.6418839809979164E-4	3	1.5071462348830334E-4	4	1.2316953616341183E-4	5	4.3693425617085694E-5	
80	82.html.txt	4	0.7288319842409644	1	0.16507115521489163	7	0.0471645432038166	8	0.04397681273845509	10	0.013993392171004062	9	2.4950187023587984E-4	2	1.9519574743526137E-4	6	1.8231608471307894E-4	0	1.5701197768721987E-4	3	1.3806155515726654E-4	5	4.002519563943549E-5	
81	71.html.txt	8	0.5301683848148541	6	0.35879867202274845	0	0.04924759427810603	4	0.04914043807654535	1	0.009409659099029674	10	0.0013600518476902421	9	6.051122827582381E-4	2	4.734046450376701E-4	7	3.647724220916854E-4	3	3.348381425894099E-4	5	9.707236854908732E-5	
82	Former_Greek_Culture_Ministry_official_attempts_suicide$AAA$.html.txt	10	0.8306488540112044	1	0.11702080502257127	6	0.027957813218014937	7	0.02237374738912724	8	5.284607597778594E-4	9	4.109758908202985E-4	2	3.2152362669946965E-4	0	2.586278705584729E-4	3	2.2741300722576254E-4	4	1.8585027762549946E-4	5	6.592892637487016E-5	
83	74.html.txt	6	0.7382210184476218	10	0.060009136843237276	1	0.05582371413849545	8	0.03433161890407553	9	0.026699177566819558	2	0.020887883189553154	0	0.016801840677287825	7	0.016094738028637662	3	0.014773957296633625	4	0.012073821540387159	5	0.004283093367250854	
84	77.html.txt	7	0.37545043155820174	4	0.37142951506995125	10	0.060009136843237276	1	0.05582371413849545	8	0.03433161890407553	9	0.026699177566819558	2	0.020887883189553154	6	0.019509631388493733	0	0.016801840677287825	3	0.014773957296633625	5	0.004283093367250854	
85	Northumbria_Police_arrest_bail_man_over_murder_of_seven_year_old$AAA$.html.txt	1	0.9940122372709997	10	0.0015936869769886492	8	9.117587224974136E-4	9	7.090608834401691E-4	2	5.547279825572506E-4	6	5.181251906841146E-4	0	4.4621329493175956E-4	7	4.2743448320694237E-4	3	3.923579738155298E-4	4	3.2064937380562426E-4	5	1.137478470727811E-4	
86	62.html.txt	7	0.36455512160671344	9	0.2535941278313637	3	0.2526667257507343	2	0.113410092824243	10	0.004666798357119703	1	0.00434130585997938	8	0.002669905803133632	6	0.00151722755069246	0	0.0013066477305645552	4	9.389585235333243E-4	5	3.33088161922615E-4	
87	61.html.txt	7	0.9079444174092621	8	0.039047852524839936	2	0.025654837854748532	1	0.023537772287023005	10	0.0035236444939312707	9	8.266441964502615E-5	6	6.040457059705354E-5	0	5.20208686233941E-5	3	4.5742255645520944E-5	4	3.738225449214136E-5	5	1.326106119198445E-5	
88	Transcript_of_9_11_confession_by_Khalid_Sheikh_Mohammed_released$AAA$.html.txt	0	0.5459729266630385	10	0.3267648209957919	1	0.04440435856101342	7	0.03464675387947327	8	0.022258219465796775	4	0.018926991409511835	6	0.006444170940172184	9	2.3306578911069467E-4	2	1.823371138021587E-4	3	1.2896666974142275E-4	5	3.738851254780484E-5	
89	79.html.txt	1	0.6181557791209434	0	0.3494422228587997	8	0.022457454935978314	10	0.003423154477783988	9	0.0015230248933551852	2	0.001191526068080843	6	0.0011129052267807055	7	9.181064326156885E-4	3	8.427639645388465E-4	4	6.88737723022237E-4	5	2.4432429810101417E-4	
90	17.html.txt	1	0.6624956288455253	8	0.23897292562012565	6	0.08376480836301664	2	0.01226661160084047	10	9.952805576865565E-4	9	4.428187728794374E-4	0	2.7866665376534644E-4	7	2.669390143505581E-4	3	2.450332271207793E-4	4	2.0025016969526244E-4	5	7.103717499415134E-5	
91	Wiki_loves_the_European_Parliament_in_Strasbourg$AAA$.html.txt	7	0.5246203151341033	10	0.1914209019892113	6	0.1319434253087111	3	0.10232080835511098	1	0.03807423444450309	2	0.0055358294130356325	0	0.0055052457777723	8	2.5696886594061695E-4	9	1.9984077651748384E-4	4	9.037139313096504E-5	5	3.205854196318061E-5	
92	11.html.txt	6	0.6446507216749678	1	0.35229722118680873	10	8.89277155961134E-4	8	5.087612657771198E-4	9	3.9565589412070203E-4	2	3.0953815258796764E-4	0	2.4898696895845186E-4	7	2.3850839410397847E-4	3	2.189357057636498E-4	4	1.7892231493124323E-4	5	6.347128601924017E-5	
93	Connecticut_ex-death_row_inmate_Robert_Courchesne_dies$AAA$.html.txt	1	0.5227069026086071	10	0.46951590106590685	0	0.005574289513389653	8	5.087612657771198E-4	9	3.9565589412070203E-4	2	3.0953815258796764E-4	6	2.8911379879254125E-4	7	2.3850839410397847E-4	3	2.189357057636498E-4	4	1.7892231493124323E-4	5	6.347128601924017E-5	
94	White_House_reverses_Geneva_Conventions_stance$AAA$.html.txt	10	0.6603132830348886	0	0.3237085620688442	4	0.012648113197385498	1	9.661726143517461E-4	8	5.941967585529141E-4	9	4.6209777670430706E-4	2	3.615184159809898E-4	6	3.3766423203040406E-4	7	2.7856073997254864E-4	3	2.557012403401913E-4	5	7.412992094869795E-5	
95	76.html.txt	9	0.6971842627886474	8	0.22874343708553932	7	0.06086129879388987	10	0.009158903508385077	3	0.0030108856674600517	1	4.492528737907068E-4	2	1.680995558093882E-4	6	1.570077896668309E-4	0	1.3521628443636537E-4	4	9.716657353177794E-5	5	3.4469078843044206E-5	
96	Indiana_legislators_vote_for_state_constitutional_ban_on_same-sex_marriage$AAA$.html.txt	0	0.9946050473868205	1	0.0035904468726561333	10	5.189554533057612E-4	8	2.968978023734563E-4	9	2.3089290274704756E-4	2	1.80637173928189E-4	6	1.6871813416501535E-4	7	1.3918633909546744E-4	3	1.277643057260287E-4	4	1.0441369198481653E-4	5	3.703993719754789E-5	
97	10.html.txt	6	0.8203339401260324	1	0.1667565718302907	8	0.003958109966477866	9	0.0038813738330759477	0	0.0037818665679271684	10	6.03328466824769E-4	2	2.1000559586266038E-4	7	1.6181558558542376E-4	3	1.4853653082858972E-4	4	1.2138951869457825E-4	5	4.306197839974449E-5	
98	FLDS_couple_reunited_with_child__Texas_fear_families_will_flee_justice$AAA$.html.txt	7	0.523420478823477	10	0.334065944975632	1	0.11982071549449126	0	0.015443762968730915	4	0.006223090034037971	8	2.9235506266441934E-4	9	2.273600832062533E-4	2	1.7787330145634223E-4	6	1.6613663116439036E-4	3	1.258094243480618E-4	5	3.647320079134208E-5	
99	Two_Fox_News_journalists_kidnapped_in_Gaza$AAA$.html.txt	10	0.5900790664605353	1	0.1415942921763767	3	0.14099866226570623	9	0.12552899740338103	8	4.981500665103356E-4	2	3.030821363014956E-4	6	2.830837718700346E-4	0	2.437938646083888E-4	7	2.335338406800416E-4	4	1.7519054432541748E-4	5	6.214746970503934E-5	
100	86.html.txt	10	0.7011255159612052	8	0.21832987708484924	6	0.0477799092494485	1	0.0298285273683153	9	7.023578923709306E-4	2	5.494839523198223E-4	0	4.419950905423259E-4	7	4.2339380124220045E-4	3	3.8864888189429724E-4	4	3.1761816740406943E-4	5	1.1267255040802257E-4	
101	5.html.txt	9	0.6148259329853449	8	0.19850390097801435	10	0.17573580686739507	1	0.0038090581586904685	2	0.0014252574037540617	6	0.0013312141938284256	0	0.0011464516344086716	7	0.0010982034095379585	3	0.0010080816628802618	4	8.238414293052257E-4	5	2.92251276840599E-4	
102	Canadian_jail_inmates_used_nail_clippers_to_escape__report_finds$AAA$.html.txt	10	0.6081193741843134	6	0.3633326351571683	1	0.013489214494817468	9	0.012981984906035731	8	5.979155375080191E-4	2	3.637809781001557E-4	0	2.9261893031476215E-4	7	2.803041116800133E-4	3	2.573015459253095E-4	4	2.1027629125987705E-4	5	7.459386287702314E-5	
103	52.html.txt	4	0.7307852085995152	10	0.060009136843237276	1	0.05582371413849545	8	0.03433161890407553	9	0.026699177566819558	2	0.020887883189553154	6	0.019509631388493733	0	0.016801840677287825	7	0.016094738028637662	3	0.014773957296633625	5	0.004283093367250854	
104	Lewis__Scooter__Libby_indicted_on_five_charges$AAA$.html.txt	4	0.6165445003967376	1	0.19288480969277697	10	0.1899381532221683	8	1.415812609155103E-4	9	1.1010559204560787E-4	2	8.614020935324317E-5	6	8.045639268271903E-5	0	6.928964799004948E-5	7	6.637360476842609E-5	3	6.092679487715575E-5	5	1.7663185684559952E-5	
105	66.html.txt	3	0.37792014595875906	0	0.35439700359537407	6	0.15397341234181766	9	0.09523513420984402	10	0.013764483982711918	1	0.001832258128159534	8	0.001126839888041231	2	6.8558666052128E-4	7	5.28265004016168E-4	4	3.9628960553283375E-4	5	1.4058062522213745E-4	
106	6.html.txt	9	0.6390065234351628	1	0.23646071799006269	2	0.08728540089756631	8	0.033443426155489134	6	0.003256732305836791	10	2.647360204044611E-4	0	7.41229197812774E-5	7	7.100346912645276E-5	3	6.517671918117264E-5	4	5.3264813223787806E-5	5	1.8895274165146028E-5	
107	Cyclist_dies_in_crash_with_car_in_Edinburgh_Scotland$AAA$.html.txt	9	0.7834695083857559	1	0.2097672452860573	10	0.0020418841432507493	8	0.0011681752469709043	2	7.107357264984388E-4	6	6.638390263285684E-4	0	5.717031415732771E-4	7	5.476431106866292E-4	3	5.027019338049275E-4	4	4.108265182376837E-4	5	1.4573748083559641E-4	
108	Chilean_miner_Edison_Pe_a_completes_New_York_Marathon$AAA$.html.txt	10	0.7136838015624721	9	0.260626646095547	1	0.023505368624878696	8	5.404180516581908E-4	2	3.2879862636545125E-4	6	3.0710340263877446E-4	0	2.64479750531465E-4	7	2.533491645613259E-4	3	2.325585996930735E-4	4	1.9005544513224656E-4	5	6.742067652175446E-5	
109	40.html.txt	3	0.3659156035429988	2	0.21533576844012997	9	0.2099997798036118	6	0.12656393969263174	8	0.05674156783477371	7	0.021638410030684865	5	0.0027218013500028516	10	4.491626183946543E-4	1	4.1783513194769444E-4	0	1.257601616929588E-4	4	9.037139313096504E-5	
110	Denny_s_Super_Bowl_free__Grand_Slam_Breakfast__brings_2_million_diners$AAA$.html.txt	4	0.7087489752251676	10	0.12939731259608522	8	0.07641989435365812	6	0.03648067277873484	9	0.02955829891881383	2	0.014797346513763514	0	0.002642957173096018	1	0.0018696878336430648	7	3.8851868470888274E-5	3	3.5663571824655254E-5	5	1.03391667423772E-5	
111	46.html.txt	1	0.4151794076680595	9	0.3860548710963836	10	0.060009136843237276	8	0.03433161890407553	2	0.020887883189553154	6	0.019509631388493733	0	0.016801840677287825	7	0.016094738028637662	3	0.014773957296633625	4	0.012073821540387159	5	0.004283093367250854	
112	22.html.txt	8	0.9399972979610781	6	0.05332500006311156	10	0.001761827998350453	1	0.001638946795686115	9	7.838699412230275E-4	2	6.132542370300029E-4	0	4.932907701438672E-4	7	4.725307107656758E-4	3	4.337534745690388E-4	4	3.544793002523938E-4	5	1.2574874778959727E-4	
113	33.html.txt	5	0.9977962339173075	10	4.7741323216349865E-4	1	4.4411536642913305E-4	8	2.7313122648667596E-4	9	2.1240999835709135E-4	2	1.6617722485541786E-4	6	1.5521230048402032E-4	0	1.336699957040642E-4	7	1.280445163400582E-4	3	1.1753681315658237E-4	4	9.605540871583295E-5	
114	24.html.txt	8	0.9906774416547708	9	0.006114564004040667	3	0.002070700185580934	10	3.3213334073745634E-4	1	3.0896822791545844E-4	2	1.1560843547546998E-4	6	1.0798020752313159E-4	0	9.299336348169754E-5	7	8.907975336672471E-5	4	6.682513521486468E-5	5	2.3705691892746863E-5	
115	Texas_man_foils_burglary_in_Britain$AAA$.html.txt	6	0.7347912670291448	10	0.18025891772617905	1	0.08092003080815573	8	9.479458139743393E-4	9	7.372030337905123E-4	2	5.76744763701526E-4	0	4.639232009885802E-4	7	4.443990708358213E-4	3	4.079303983395015E-4	4	3.333757321454053E-4	5	1.1826242274478708E-4	
116	4.html.txt	2	0.544080753675525	10	0.30850264751819406	1	0.0410663039881411	8	0.02525580248605393	9	0.019641053253321213	6	0.014352116580934765	0	0.01236015029566094	7	0.011839975442224185	3	0.010868352828444096	4	0.008882017854383284	5	0.0031508260771173223	
117	75.html.txt	1	0.5436997303889085	8	0.2525832789803421	10	0.12383156328931484	7	0.07781737387802767	9	4.8001053838792534E-4	2	3.7553231857080996E-4	6	3.507534508545686E-4	0	3.0207149899013887E-4	3	2.656132451394491E-4	4	2.170689177034207E-4	5	7.700349376060348E-5	
118	Man_in_Glasgow_Scotland_seriously_injured_after_being_hit_by_car$AAA$.html.txt	9	0.9931736171863405	10	0.0016090429667961353	1	0.0014968179737300561	8	9.205439845041423E-4	2	5.600730706260332E-4	6	5.231175921167854E-4	0	4.5051278843824733E-4	7	4.315530332498725E-4	3	3.9613854373534037E-4	4	3.237389946577943E-4	5	1.1484386580512563E-4	
119	70.html.txt	6	0.621777969867452	8	0.31128252973170306	7	0.04053789822068984	10	0.018223849995780837	9	0.006181840858493999	1	8.938970668966984E-4	2	3.344746548124548E-4	0	2.69045446575476E-4	3	2.365732430693084E-4	4	1.9333635942621184E-4	5	6.858455510021409E-5	
120	0.html.txt	3	0.5419716328659501	1	0.28122917687098753	8	0.17236921074540648	10	0.0015073728066430955	9	6.706581087658928E-4	2	5.246838858975883E-4	6	4.900635031540233E-4	0	4.2204635945113843E-4	7	4.0428460915526365E-4	4	3.032829868855591E-4	5	1.0758725770332302E-4	
121	51.html.txt	5	0.9009555019183942	10	0.021456521328879822	1	0.019960005693781306	8	0.012275415911990167	9	0.009546404148797104	2	0.007468551203170744	6	0.006975751427642374	0	0.006007569377283825	7	0.005754741827004214	3	0.005282491075905269	4	0.004317046087150988	
122	Football__FC_Bayern__Jupp_Heynckes_reach_agreement__club_s_head_coach_until_season_end$AAA$.html.txt	5	0.6027111418661835	10	0.35125291144051485	1	0.044397769889154365	8	3.4895036626768605E-4	9	2.713733895572772E-4	2	2.123067516832407E-4	6	1.9829804815741628E-4	0	1.707757643090606E-4	7	1.6358869489282538E-4	3	1.5016413366022356E-4	4	1.2271965561952072E-4	
123	83.html.txt	4	0.6365956840205771	1	0.2842896948571359	2	0.0517747093396156	8	0.026077942157744834	10	4.7878203042244454E-4	9	2.13019002080378E-4	6	1.5565731187531907E-4	0	1.34053242847349E-4	7	1.284116345915561E-4	3	1.1787380462303522E-4	5	3.417259848643146E-5	
124	US_Treasury_Secretary___We_need_the_ability_to_seize_firms_$AAA$.html.txt	10	0.44228181940861844	0	0.382898895412258	8	0.17282807595566405	1	6.533017743010851E-4	9	3.1245896741139074E-4	2	2.444497174672705E-4	6	2.283201144667981E-4	7	1.8835581030910467E-4	3	1.7289878798450265E-4	4	1.412992517008146E-4	5	5.012479981858847E-5	
125	UK_education_secretary_Michael_Gove_to_drop_GCSEs_in_favour_of_new_O-level-style_exams$AAA$.html.txt	8	0.7480267001769972	10	0.2505889077248144	1	4.1338750764520585E-4	9	1.977135817789174E-4	2	1.5467960355147905E-4	6	1.4447333036202506E-4	0	1.244215142010085E-4	7	1.1918525563086724E-4	3	1.0940456899302763E-4	4	8.940943954303806E-5	5	3.171729648276074E-5	
126	Hamas_returns_rocket-prevention_forces_to_action$AAA$.html.txt	9	0.7499215439704702	10	0.24060896468503193	3	0.006395716366147488	1	9.543019147139829E-4	8	5.868962708949746E-4	2	3.570766873852051E-4	6	3.335155834169901E-4	0	2.872261184427024E-4	7	2.751382553916689E-4	4	2.0640101060493386E-4	5	7.321913749998311E-5	
127	World_Health_Organisation__China_engaging_in_bird_flu_cover_up$AAA$.html.txt	2	0.5962930858691584	10	0.26830781782833973	1	0.09757622449673374	3	0.02899583059674333	9	0.008073625417522217	8	2.508952721559435E-4	6	1.4257627321784114E-4	0	1.2278775437963706E-4	7	1.1762025231773428E-4	4	8.8235417904459E-5	5	3.1300821526891405E-5	
128	New_South_Wales_government_starts_trial_of_hunting_in_national_parks$AAA$.html.txt	0	0.7439065733944484	1	0.10742561752254741	9	0.08336920407794829	8	0.0557614636954171	10	0.0046165764053308295	4	0.0040888806388248355	2	2.2994419585560874E-4	6	2.147717152741558E-4	7	1.7717887255098847E-4	3	1.6263906205098787E-4	5	4.7150419751464436E-5	
129	Scientists_discover_new_kind_of_shark_in_northwest_Atlantic$AAA$.html.txt	4	0.8613282233582692	10	0.1255724835579388	8	0.00907030614425653	1	0.0012861429905261792	9	6.151321281702213E-4	2	4.812435891406894E-4	6	4.494895412334709E-4	0	3.8710375954955733E-4	7	3.7081256271360974E-4	3	3.403826118100453E-4	5	9.867975639156072E-5	
130	19.html.txt	1	0.8147035067375668	2	0.12047763412480182	10	0.019013493653530587	8	0.010877743831798407	9	0.0084594558416552	6	0.006181496220431813	0	0.005323550843928625	7	0.005099510098972973	3	0.004681029557730288	4	0.0038255096025078556	5	0.001357069487075626	
131	Court_rules_Massey_can_appeal_US_restrictions_in_mine_disaster_investigation$AAA$.html.txt	9	0.45409250648982463	10	0.3212274939637091	1	0.15959623485139932	7	0.06427256639578957	8	2.2704493444400896E-4	2	1.3813761834817608E-4	6	1.2902284019882042E-4	0	1.1111543634956996E-4	3	9.770445650305676E-5	4	7.984767708697955E-5	5	2.8325336346710958E-5	
132	Hamas_returns_rocket_prevention_forces_to_action$AAA$.html.txt	9	0.7253489169648335	10	0.2713247484420778	1	9.543019147139829E-4	8	5.868962708949746E-4	2	3.570766873852051E-4	6	3.335155834169901E-4	0	2.872261184427024E-4	7	2.751382553916689E-4	3	2.5255961473831225E-4	4	2.0640101060493386E-4	5	7.321913749998311E-5	
133	New_insulin-resistance_discovery_may_help_diabetes_sufferers$AAA$.html.txt	10	0.5746732245363423	3	0.4164695896479785	4	0.005813828834198914	1	8.737849463291578E-4	8	5.373782852761515E-4	9	4.179109146943774E-4	2	3.269491859039054E-4	6	3.0537599439197944E-4	0	2.6299209361118096E-4	7	2.519241154331772E-4	5	6.704144584040258E-5	
134	Scottish_Justice_Secretary_acutely_aware_of_unusual_publicity_in_Kular_case$AAA$.html.txt	7	0.4172261553156918	1	0.29979660423061305	10	0.14884738309915263	4	0.07685497350178927	8	0.03862897294545761	2	0.012943574971068333	9	0.005308057511774647	6	1.389277941017845E-4	0	1.1964565683808384E-4	3	1.0520512953339504E-4	5	3.049984397937343E-5	
135	42.html.txt	5	0.559404720145141	9	0.21296403378121317	1	0.20782397739903596	10	0.012120804819537886	0	0.005854901615629614	8	5.343725240343479E-4	2	3.25120434690923E-4	6	3.0366791024851814E-4	7	2.5051500798914356E-4	3	2.2995702220266064E-4	4	1.8792934027678647E-4	
136	38.html.txt	2	0.961420348571598	10	0.008890649362397397	1	0.008270558361947188	8	0.005086398534892232	9	0.003955614736320439	6	0.002890448038235153	0	0.0024892754997436015	7	0.0023845147575787267	3	0.0021888345830157457	4	0.0017887961638268454	5	6.345613904448067E-4	
137	25.html.txt	8	0.7451145172280383	2	0.1123851360408419	1	0.10643727976923698	10	0.03404201490796793	9	4.894979902719033E-4	6	3.576861246648103E-4	0	3.0804196960066945E-4	7	2.950780749427178E-4	3	2.708631150516201E-4	4	2.213593045752065E-4	5	7.852547480794772E-5	
138	49.html.txt	0	0.3761575342068519	4	0.37142951506995125	10	0.060009136843237276	1	0.05582371413849545	8	0.03433161890407553	9	0.026699177566819558	2	0.020887883189553154	6	0.019509631388493733	7	0.016094738028637662	3	0.014773957296633625	5	0.004283093367250854	
139	34.html.txt	5	0.653670883368562	6	0.23792684129566602	8	0.09642229930769407	10	0.0053340168429521625	2	0.004836422836986876	1	7.100372036114203E-4	9	3.3959419703312953E-4	0	2.1370724170069694E-4	7	2.0471340825442742E-4	3	1.8791403415313856E-4	4	1.5357026338611306E-4	
140	Payment_pending__Canadian_recording_industry_set_for_six_billion_penalties_$AAA$.html.txt	7	0.781834406745232	10	0.17095801568244767	8	0.024502061492115194	4	0.011126403154920333	2	0.005609029316772385	9	0.0034091329947987855	3	0.0022634191352109414	1	1.7226310484852927E-4	6	6.020362007970889E-5	0	5.1847808532754224E-5	5	1.3216945041820173E-5	
141	Indiana_legislators_vote_for_state_constitutional_ban_on_samesex_marriage$AAA$.html.txt	0	0.9977127340932768	10	5.189554533057612E-4	1	4.827601661999061E-4	8	2.968978023734563E-4	9	2.3089290274704756E-4	2	1.80637173928189E-4	6	1.6871813416501535E-4	7	1.3918633909546744E-4	3	1.277643057260287E-4	4	1.0441369198481653E-4	5	3.703993719754789E-5	
142	Foxconn_employee_commits_suicide_over_missing_iPhone_in_China$AAA$.html.txt	10	0.7238120304811835	1	0.1549645483816343	9	0.07746228047904372	2	0.035893037849092826	7	0.0061901332534717215	8	5.660328979824124E-4	6	3.216595530858235E-4	0	2.7701561632082026E-4	3	2.4358146018827018E-4	4	1.990637323373215E-4	5	7.061629565934774E-5	
143	35.html.txt	0	0.6821011417636803	1	0.19902696074697904	4	0.07753837247356445	10	0.03949551204632636	8	4.620143119484484E-4	9	3.593014995182544E-4	2	2.810965893232418E-4	6	2.625489041896815E-4	7	2.165933199092113E-4	3	1.9881904591308538E-4	5	5.7639298648001E-5	
144	Unidentified_plane_reportedly_shot_down_in_Kodori_gorge$AAA$.html.txt	10	0.4466546499129826	3	0.3869325922118788	1	0.09625570300354014	9	0.054937418450935215	6	0.013896861663283243	8	4.3468648102695394E-4	2	2.64469918099058E-4	0	2.1273488498145857E-4	7	2.0378197300473588E-4	4	1.52871526757956E-4	5	5.422997350990473E-5	
145	18.html.txt	1	0.8450161182187754	7	0.09080046675582264	6	0.03729379571266498	10	0.008925637608211238	2	0.00847723266423743	0	0.008430398744240739	8	3.935065012867342E-4	9	3.060240177111256E-4	3	1.693380164274098E-4	4	1.3838925815858188E-4	5	4.9092502463704755E-5	
146	59.html.txt	9	0.429832141855184	1	0.39278702000166466	3	0.1283382916783372	2	0.03809324340699343	10	0.008788723272763557	8	7.194954755401615E-4	6	4.088677423776019E-4	0	3.521199621209869E-4	7	3.373010525359845E-4	4	2.5303379939815943E-4	5	8.976175308433352E-5	
147	Sandra_Fluke_declares_candidacy_for_California_State_Senate$AAA$.html.txt	0	0.33066239138041303	10	0.2764455953275598	4	0.24875041671538076	8	0.07306487678692618	6	0.06990750733289873	1	4.710491800016795E-4	9	2.2529181179825651E-4	2	1.7625520623725134E-4	7	1.3580990207714532E-4	3	1.2466494889060175E-4	5	3.614140781655492E-5	
148	Creator_of_website_satirizing_Glenn_Beck_on_winning_domain_name_case$AAA$.html.txt	2	0.8048846058982962	10	0.08382921233047518	7	0.06526726706095344	1	0.028316210010946637	8	0.01757514832071396	9	3.61758588129847E-5	6	2.6434434874901553E-5	0	2.2765533305984605E-5	3	2.0017867289525985E-5	4	1.6359337746831178E-5	5	5.803346584317853E-6	
149	42_West_Papuan_asylum_seekers_get_temporary_Australian_visas$AAA$.html.txt	0	0.6288629584400004	10	0.17772434673391904	1	0.13367865817224422	8	0.034529625683718077	2	0.02484666253363269	9	1.0222773484297551E-4	6	7.469988240183491E-5	7	6.162469264983878E-5	3	5.6567592215973095E-5	4	4.622911787762359E-5	5	1.6399416497351863E-5	
150	Toyota_employs_the_Japanese_hybrid_solar_powered_vehicle_carrier_ship__Auriga_Leader_$AAA$.html.txt	9	0.5156191735127569	10	0.4817237326067969	1	7.623014783158494E-4	8	4.688158831321089E-4	2	2.852347694884907E-4	6	2.66414033504631E-4	0	2.2943776107314887E-4	7	2.1978191135577286E-4	3	2.0174597232742599E-4	4	1.6487423223622395E-4	5	5.8487839012643186E-5	
151	Man_in_Glasgow,_Scotland_seriously_injured_after_being_hit_by_car$AAA$.html.txt	9	0.9739025934166641	10	0.02088006673647246	1	0.0014968179737300561	8	9.205439845041423E-4	2	5.600730706260332E-4	6	5.231175921167854E-4	0	4.5051278843824733E-4	7	4.315530332498725E-4	3	3.9613854373534037E-4	4	3.237389946577943E-4	5	1.1484386580512563E-4	
152	63.html.txt	5	0.9800123868276662	2	0.0130101600996438	4	0.005230680844122603	10	4.2952243540861037E-4	1	3.9956478149248345E-4	8	2.45732589050906E-4	9	1.9110249497280755E-4	6	1.3964247494178814E-4	0	1.2026114533039505E-4	7	1.151999751868301E-4	3	1.0574633218354676E-4	
153	68.html.txt	6	0.9889753973885079	10	0.007443362590385089	1	9.908225854453464E-4	8	6.093565061018216E-4	9	4.7388728167368653E-4	2	3.7074183876421033E-4	0	2.982181224776492E-4	7	2.856676627792382E-4	3	2.622249485154769E-4	4	2.1429987702309744E-4	5	7.602119832648032E-5	
154	President_of_Kosovo_Fatmir_Sejdiu_resigns_over_breach_of_constitution$AAA$.html.txt	10	0.9964566837283995	1	8.938970668966984E-4	8	5.497472519300824E-4	9	4.275300718315367E-4	2	3.344746548124548E-4	6	3.124049079060496E-4	0	2.69045446575476E-4	7	2.5772271405260735E-4	3	2.365732430693084E-4	4	1.9333635942621184E-4	5	6.858455510021409E-5	
155	Warrants_issued_for_28_in_Iraqi_corruption_scandal$AAA$.html.txt	10	0.6707816097250592	3	0.28728358188178793	9	0.02598689678685346	1	0.013747327338035234	8	6.093565061018216E-4	2	3.7074183876421033E-4	6	3.46279062791755E-4	0	2.982181224776492E-4	7	2.856676627792382E-4	4	2.1429987702309744E-4	5	7.602119832648032E-5	
156	16.html.txt	6	0.573682399263775	8	0.38621491374369915	10	0.010580591498162015	1	0.0098426330769021	9	0.004707501324496131	2	0.0036828751572835472	0	0.002962439088033949	7	0.002837765335565555	3	0.002604890108240018	4	0.0021288120486429286	5	7.551793551997336E-4	
157	23.html.txt	8	0.9939066785629578	10	0.0014806422525972833	1	0.001377372750191182	9	6.587651896793715E-4	2	5.15379557925674E-4	6	4.8137310559662574E-4	0	4.145621239843525E-4	7	3.971153464836215E-4	3	3.6452691310338137E-4	4	2.9790480689160403E-4	5	1.0567939058909271E-4	
158	Four_found_dead_in_Leicestershire__England$AAA$.html.txt	10	0.6018044120952015	1	0.3954014644051552	8	5.797729980800936E-4	9	4.5088063768382845E-4	2	3.5274277901635475E-4	6	3.29467640694385E-4	0	2.837399998512404E-4	7	2.717988495168001E-4	3	2.4949425016365103E-4	4	2.0389588187824415E-4	5	7.233046275872548E-5	
159	53.html.txt	1	0.996368767921585	10	9.664790566542383E-4	8	5.529289771073092E-4	9	4.3000445108271485E-4	2	3.364104651809919E-4	6	3.142129870869535E-4	0	2.706025779084332E-4	7	2.592143137744168E-4	3	2.3794243780577895E-4	4	1.9445531574713943E-4	5	6.898149606711319E-5	
160	Putin_delivers_eighth_annual_address_to_parliament$AAA$.html.txt	3	0.5884333537344716	10	0.2881827270752099	8	0.05774834882996315	1	0.03626478799628994	9	0.028921907198749038	2	1.0458389937771011E-4	6	9.76831068765706E-5	0	8.41254232804515E-5	7	8.058501894244148E-5	4	6.0452623448019796E-5	5	2.144509339126975E-5	
161	28.html.txt	3	0.7737183327339189	2	0.06240775692388917	8	0.05901099697132292	1	0.05219149147369657	4	0.022557956846246802	10	0.01759656336744736	6	0.012209243849095318	9	1.2859046767922004E-4	0	8.09222136208877E-5	7	7.751661582449195E-5	5	2.0628537258504046E-5	
162	69.html.txt	6	0.9681367242164381	8	0.02834274345879122	10	9.288483435390476E-4	1	8.640644930986411E-4	9	4.1326184913439593E-4	2	3.233120274890279E-4	0	2.600664282553256E-4	7	2.491215762134354E-4	3	2.286779394668339E-4	4	1.8688402679863792E-4	5	6.629564077528263E-5	
163	12.html.txt	4	0.5108912945319963	9	0.1331339046705549	2	0.12639459681321658	8	0.11337859048833501	7	0.07988173123058266	10	0.014371609480605146	1	0.014294365772782508	0	0.006942142936874798	6	3.600583197947695E-4	3	2.7265949494478255E-4	5	7.904626031253421E-5	
