#doc name topic proportion ...
0	France_issues_pollution_alert_as_ship_splits_off_Basque_coast$AAA$.html.txt	5	0.49864599675682836	2	0.38730736774919056	0	0.11130324429314765	1	7.31937140530616E-4	9	6.356054024212882E-4	3	3.79465418056605E-4	4	3.246224582144925E-4	7	3.045511803476796E-4	6	2.6662156099087564E-4	8	1.0058804027191407E-4	
1	NSW_Parliament_passes_alcohol-fuelled_violence_bill_hours_after_drafting$AAA$.html.txt	4	0.438711179542274	5	0.34991636230878076	0	0.1129304453575327	2	0.06232408040219825	9	0.03136035841356967	7	0.004030702099684503	1	3.59813436456744E-4	3	1.8654164207114845E-4	6	1.3106865983606353E-4	8	4.944813759614492E-5	
2	20.html.txt	0	0.9543178544641715	5	0.03719330632822608	3	0.006326362343997421	1	5.596297021703481E-4	9	4.8597569703461593E-4	2	3.550496837119594E-4	4	2.482021468082391E-4	7	2.328559064922472E-4	6	2.0385540848678356E-4	8	7.690831890080269E-5	
3	32.html.txt	8	0.9986429764496086	5	3.356684116321977E-4	0	2.0424581184483263E-4	1	1.9248141130135773E-4	9	1.6714854065217306E-4	2	1.221172928061924E-4	3	9.979004365681574E-5	4	8.536769817684629E-5	7	8.008944724996325E-5	6	7.011489307085945E-5	
4	Canadian_city_announces_first_Studios_of_Brampton_tour$AAA$.html.txt	5	0.6217140642073685	3	0.3759035249872156	0	5.132790777265601E-4	1	4.8371460046056804E-4	9	4.200519365090637E-4	2	3.068863486593569E-4	4	2.1453293456582363E-4	7	2.0126844829171533E-4	6	1.762019368977216E-4	8	6.647552230505404E-5	
5	7.html.txt	1	0.87161037197534	2	0.11791834794212346	5	0.00803006363273517	0	6.800359821151147E-4	9	5.56520699126318E-4	3	3.322507312660459E-4	4	2.8423156365478774E-4	7	2.6665763878214546E-4	6	2.334473825419812E-4	8	8.80724523149474E-5	
6	Northumbria_Police_arrest,_bail_man_over_murder_of_seven-year-old$AAA$.html.txt	0	0.9945732772132819	5	0.0015447194819011216	1	8.857842312157258E-4	9	7.692043640962811E-4	2	5.619741230862214E-4	3	4.592258883905676E-4	4	3.9285539517290786E-4	7	3.685653018707927E-4	6	3.2266319243839616E-4	8	1.2173080854615679E-4	
7	81.html.txt	1	0.9699059441311082	9	0.028134508899109782	5	6.424385753598821E-4	0	3.9090776444163463E-4	2	2.337213062013683E-4	3	1.9098899765471923E-4	4	1.6338595023525555E-4	7	1.5328386172067023E-4	6	1.3419347920444206E-4	8	5.06270349640126E-5	
8	60.html.txt	2	0.8672794511103384	9	0.10613473056547217	0	0.023354662167320135	5	0.0012186975648502917	1	6.98834382691169E-4	3	3.6230362758745896E-4	4	3.099410080892398E-4	7	2.9077747846194333E-4	6	2.545632728134811E-4	8	9.603882237561791E-5	
9	Jade_Rabbit_lunar_rover_declared_lost$AAA$.html.txt	5	0.5908736113434673	3	0.3467923864494264	2	0.05940174836060813	0	7.251490316538004E-4	1	6.833810091664198E-4	9	5.934398424206204E-4	4	3.030872609250036E-4	7	2.843474957671123E-4	6	2.4893409737806495E-4	8	9.391510918719093E-5	
10	47.html.txt	6	0.75043848452944	9	0.15761279876672338	7	0.04329169697654906	1	0.029479238999689183	3	0.01088224708628766	2	0.007810842122964681	5	2.496349867229821E-4	0	1.5189663001109985E-4	4	6.34875474201589E-5	8	1.9672354191971597E-5	
11	43.html.txt	2	0.8708861235572081	5	0.07742554300514908	3	0.04572118352475673	0	0.0014756815772379401	1	0.001390683461524102	9	0.001207652778163241	4	6.167839543583185E-4	7	5.786484470375722E-4	6	5.06582020263311E-4	8	1.911176743017319E-4	
12	Football__Ronaldo_to_play_for_Corinthians$AAA$.html.txt	5	0.5042559652356315	0	0.4885198019307242	3	0.005383906261542329	1	4.762600834140957E-4	9	4.135785236368265E-4	2	3.021569286351679E-4	4	2.1122677135258186E-4	7	1.9816670383893456E-4	6	1.7348649200320146E-4	8	6.545106922109845E-5	
13	Large_earthquakes_reported_in_Indonesia_and_Japan$AAA$.html.txt	5	0.7054365597048066	1	0.2738428666437435	0	0.0066703256689808164	3	0.006364781616861125	4	0.006322594747189283	9	4.889269716999402E-4	2	3.572058597159539E-4	7	2.3427001370315316E-4	6	2.050933989997403E-4	8	7.737537429988874E-5	
14	57.html.txt	3	0.6353882868853751	2	0.24149135795433946	0	0.08671608485040434	5	0.012764520453304668	1	0.0073195237511037145	9	0.006356186319469674	4	0.0032462921492412812	7	0.0030455751929263776	6	0.002666271104666578	8	0.0010059013391689683	
15	48.html.txt	9	0.9900136336005939	5	0.002755926032497754	0	0.001676911887999114	1	0.0015803230622682652	2	0.0010026151243313908	3	8.193025306153838E-4	4	7.008912771862822E-4	7	6.575554474466897E-4	6	5.756617315885765E-4	8	2.1717930547264757E-4	
16	80.html.txt	1	0.9046042201424066	9	0.09310913650421448	5	7.496773085588998E-4	0	4.5615984466253033E-4	2	2.7273511664171134E-4	3	2.2286973917458978E-4	4	1.906590670712604E-4	7	1.788706925574858E-4	6	1.5659365762677867E-4	8	5.907792708567851E-5	
17	3.html.txt	3	0.9738739769195176	5	0.006831641738584612	0	0.004156882699642196	1	0.003917449476267295	9	0.0034018659703794426	2	0.00248537415385952	4	0.0017374334604677328	7	0.0016300086385624525	6	0.0014270029987931527	8	5.383639439259754E-4	
18	China_anti-textbook_protests_grow_larger$AAA$.html.txt	1	0.5849922649922601	5	0.3696533074414405	9	0.03318094842096875	0	0.011321735649346968	2	2.1493248437333046E-4	3	1.756354198984905E-4	4	1.5025137744825433E-4	7	1.4096139436075436E-4	6	1.2340568491972056E-4	8	4.6557134983216135E-5	
19	15.html.txt	0	0.41193712838094376	2	0.39710104391615314	5	0.060636730887529564	1	0.034770753319264026	9	0.03019450364270416	3	0.01802654587916175	4	0.015421225118165837	7	0.014467736884185227	6	0.012665886199039064	8	0.00477844577285339	
20	British_scholar_Tony_Judt_dies_aged_62$AAA$.html.txt	4	0.6181586904332738	5	0.3803491146017682	0	3.166687735113263E-4	1	2.9842889746418163E-4	9	2.5915206233332043E-4	2	1.8933427808467848E-4	3	1.5471744780476892E-4	7	1.2417305795779808E-4	6	1.0870821287877777E-4	8	4.1012234923163306E-5	
21	41.html.txt	6	0.9613321756821307	1	0.034961478705177775	5	0.0011099348632271453	0	6.75367533490501E-4	9	5.527001832113742E-4	2	4.0379802207015015E-4	3	3.299698292105672E-4	4	2.822803132984627E-4	7	2.6482703346161036E-4	8	8.746783472162943E-5	
22	Piers_Morgan_interviewed_by_police_investigating_phone_hacking$AAA$.html.txt	1	0.82882747999965	5	0.16715969954216542	0	9.582333140145264E-4	9	7.841889074499314E-4	2	5.729217021745287E-4	3	4.6817187278028405E-4	4	4.0050844418752194E-4	7	3.757451658995449E-4	6	3.289488569787954E-4	8	1.2410219469953342E-4	
23	73.html.txt	3	0.622158816268037	9	0.35171178229754807	1	0.017808351478070434	6	0.005952631842640649	5	9.309815316063562E-4	0	5.664789183196606E-4	2	3.386942004447632E-4	4	2.3676863131665048E-4	7	2.2212932072969953E-4	8	7.336551128655696E-5	
24	Mexico_and_world_react_to_murdered_journalists$AAA$.html.txt	3	0.5304324428009906	5	0.34651282919650783	1	0.08008743036289791	0	0.04015914963779468	8	0.002247208093005171	9	1.7864619182431373E-4	2	1.3051737831871587E-4	4	9.123988833283737E-5	7	8.559856221714597E-5	6	7.493788811081169E-5	
25	2011_BRIT_Awards_highlights$AAA$.html.txt	3	0.7150766737908023	5	0.20115799590695999	9	0.07385847321918546	0	0.009395051151690747	1	1.708449756243633E-4	2	1.0839034154899721E-4	4	7.577169252617813E-5	7	7.10867588235113E-5	6	6.223342356338659E-5	8	2.34787392752053E-5	
26	72.html.txt	3	0.76744771784287	9	0.2110227386829297	0	0.020082494694871507	5	5.324270337201785E-4	1	3.05308165183409E-4	2	1.936987387600307E-4	4	1.354076485624778E-4	7	1.2703544734590804E-4	6	1.1121411262919195E-4	8	4.1957633127551835E-5	
27	Leak_suggests_John_Kerry_will_recognise_Israel_as_Jewish_state$AAA$.html.txt	4	0.5663287966708757	5	0.2669117340654974	1	0.160126251916742	3	0.005071291906478527	0	4.7602489831286026E-4	9	3.8956425274238346E-4	2	2.8461230791097965E-4	7	1.86660233758235E-4	6	1.634130685119229E-4	8	6.165067916992983E-5	
28	58.html.txt	3	0.6415664709626736	1	0.3295004808073081	0	0.013908537603374798	9	0.010454229277693251	5	0.003942357493608625	2	1.9961488258989535E-4	4	1.395434066458169E-4	7	1.309154931469325E-4	6	1.146109271383468E-4	8	4.3239145820573624E-5	
29	65.html.txt	2	0.8082115095233938	5	0.10491708202072049	9	0.07766048522709477	0	0.0024801445223943436	1	0.002337290119145583	3	0.0012117444560036667	4	0.0010366147883784649	7	9.725213070684194E-4	6	8.514008998141262E-4	8	3.2120713598619285E-4	
30	Over_100_people_die_in_stampede_at_Hindu_temple_near_Jodhpur__India$AAA$.html.txt	5	0.5649710741075251	1	0.41455699956186254	3	0.018288425194343223	0	5.902710747059579E-4	9	4.830598377275212E-4	2	3.529193818654891E-4	4	2.4671293130995847E-4	7	2.3145876859769724E-4	6	2.0263227388609293E-4	8	7.64468681763564E-5	
31	87.html.txt	4	0.8285941633724379	1	0.0980933217497242	0	0.05636933771632459	9	0.014481536474848181	5	0.001125386424150863	2	4.0941935170453323E-4	3	3.345633860830955E-4	7	2.685137282194289E-4	6	2.350723096315503E-4	8	8.868548687568232E-5	
32	1.html.txt	3	0.9738739769195176	5	0.006831641738584612	0	0.004156882699642196	1	0.003917449476267295	9	0.0034018659703794426	2	0.00248537415385952	4	0.0017374334604677328	7	0.0016300086385624525	6	0.0014270029987931527	8	5.383639439259754E-4	
33	Japan_government_panel_urges_reinterpretation_of_pacifist_constitution$AAA$.html.txt	1	0.5488623515344134	5	0.3746334761578554	7	0.062487235587790006	0	0.01287416389526391	9	3.345287927082726E-4	2	2.444038719803628E-4	3	1.9971842230012547E-4	4	1.7085373821367741E-4	6	1.403269836418958E-4	8	5.2941015832887925E-5	
34	54.html.txt	7	0.9979921174964816	5	5.171012945105487E-4	0	3.146431717830136E-4	1	2.965199688262897E-4	9	2.5749437168217894E-4	2	1.881231834867975E-4	3	1.5372778303233674E-4	4	1.315099833850398E-4	6	1.0801285052445597E-4	8	4.0749896287682553E-5	
35	64.html.txt	2	0.7721422419725286	5	0.060636730887529564	0	0.03689593032456841	1	0.034770753319264026	9	0.03019450364270416	3	0.01802654587916175	4	0.015421225118165837	7	0.014467736884185227	6	0.012665886199039064	8	0.00477844577285339	
36	Haunted_attractions_in_Texas_prepare_for_2013_Halloween_season$AAA$.html.txt	5	0.7319746313236949	7	0.15805521894609592	2	0.07503673867413281	0	0.025339553028955984	9	0.008644788215169655	1	3.8522965196220835E-4	3	1.9971842230012547E-4	4	1.7085373821367741E-4	6	1.403269836418958E-4	8	5.2941015832887925E-5	
37	Toll_New_Zealand_announces_that_the_Overlander_train_service_will_stay$AAA$.html.txt	2	0.5129197732073256	5	0.457256932436687	9	0.028359885736833106	0	3.940392054810813E-4	1	3.713428524873965E-4	3	1.9251895136692816E-4	4	1.6469478448306456E-4	7	1.545117712659375E-4	6	1.352684616075344E-4	8	5.103259246225841E-5	
38	50.html.txt	9	0.6947098714707951	1	0.3014868905281445	5	0.0012468937161672544	0	7.587035613641659E-4	2	4.5362411164933194E-4	3	3.706859926637324E-4	4	3.1711189594154276E-4	7	2.975049931618558E-4	6	2.604529248215016E-4	8	9.826080529091034E-5	
39	Rick_Perry_withdraws_from_U.S._presidential_race__endorses_Gingrich$AAA$.html.txt	4	0.5282687292040753	5	0.4590286600880985	1	0.004007504880140887	9	0.00396275425037034	2	0.0038832063488171416	0	3.6080114388248996E-4	3	1.7627956027228391E-4	7	1.4147836824510217E-4	6	1.2385827349244903E-4	8	4.67278826054678E-5	
40	Slave_workers_in_Italy_freed_by_police$AAA$.html.txt	1	0.8214984440657861	5	0.17550894623793195	0	7.146141564772341E-4	9	5.848184220066067E-4	2	4.272633323628585E-4	3	3.49144872193598E-4	4	2.9868404679649513E-4	7	2.802165306221353E-4	6	2.453176136918244E-4	8	9.25507221311616E-5	
41	9.html.txt	0	0.9146463864871907	5	0.06949286327002993	2	0.011941616071523315	1	0.001045625522817735	9	9.080086176945911E-4	3	5.420939916493979E-4	4	4.637468285088465E-4	7	4.3507354599459704E-4	6	3.808883217805555E-4	8	1.436973428104542E-4	
42	78.html.txt	1	0.4098119513756393	3	0.39306774393553706	5	0.060636730887529564	0	0.03689593032456841	9	0.03019450364270416	2	0.022059845859777834	4	0.015421225118165837	7	0.014467736884185227	6	0.012665886199039064	8	0.00477844577285339	
43	Sky_purchases_UK_Glee_rights$AAA$.html.txt	9	0.4890621977217554	5	0.4655436419568214	2	0.04394238145317638	0	3.9090776444163463E-4	1	3.6839178002605474E-4	3	1.9098899765471923E-4	4	1.6338595023525555E-4	7	1.5328386172067023E-4	6	1.3419347920444206E-4	8	5.06270349640126E-5	
44	Two_dead_in_storms_with_no_sign_of_floods_letting_up_in_Britain$AAA$.html.txt	0	0.5596852165149694	2	0.3429403663210046	3	0.0522342252546453	9	0.04409649748276856	5	4.4336467043098196E-4	1	2.5423737989151585E-4	4	1.1275717361543493E-4	7	1.0578544228310526E-4	6	9.261064008825338E-5	8	3.493912030289166E-5	
45	Chubu_International_Airport_opens$AAA$.html.txt	5	0.9862793534878672	2	0.009654917524271162	0	8.970693220846323E-4	1	8.453988240462947E-4	9	7.341341626343563E-4	3	4.38288481929919E-4	4	3.749440071241611E-4	7	3.517613678425844E-4	6	3.0795206534220876E-4	8	1.1618075685754943E-4	
46	Pop_culture_celebrated_at_Fan_Expo_Canada_2016_in_Toronto$AAA$.html.txt	3	0.4588571674777776	5	0.3444703243081971	6	0.11477099636758091	0	0.08105578301482934	1	2.4164698743435302E-4	9	2.0984333515410583E-4	2	1.533097441500681E-4	4	1.0717319116256138E-4	7	1.0054671525104113E-4	8	3.3208858462916995E-5	
47	Researchers_survey_planet-sized_space_weather_explosions_at_Venus$AAA$.html.txt	4	0.6021043179514644	2	0.20981582490103076	5	0.16710810294663983	0	0.01829985785015994	1	8.085354090576577E-4	9	7.021224167875892E-4	3	4.1917701674382883E-4	7	3.364228969210283E-4	6	2.945238886539762E-4	8	1.111147225410654E-4	
48	2.html.txt	3	0.9738739769195176	5	0.006831641738584612	0	0.004156882699642196	1	0.003917449476267295	9	0.0034018659703794426	2	0.00248537415385952	4	0.0017374334604677328	7	0.0016300086385624525	6	0.0014270029987931527	8	5.383639439259754E-4	
49	UK_drugs_policy_petition_reaches_signatures,_may_prompt_Parliamentary_debate$AAA$.html.txt	5	0.9922703982233054	4	0.005348220802801781	0	5.053689430503127E-4	1	4.762600834140957E-4	9	4.135785236368265E-4	2	3.021569286351679E-4	3	2.4691223009313043E-4	7	1.9816670383893456E-4	6	1.7348649200320146E-4	8	6.545106922109845E-5	
50	New_Zealand_Labour_party_drops_in_latest_poll$AAA$.html.txt	5	0.8987644124390785	9	0.0782726613840862	0	0.01608157292566886	3	0.005439794646808256	1	4.8120396722922817E-4	2	3.052935105179092E-4	4	2.1341944013289772E-4	7	2.0022380077803627E-4	6	1.7528739258216723E-4	8	6.613049311798623E-5	
51	45.html.txt	0	0.799786553006779	1	0.12352099184395224	5	0.07476456201346754	9	4.949383797183765E-4	2	3.61597742949278E-4	3	2.95485215287091E-4	4	2.52779653660628E-4	7	2.371503879111005E-4	6	2.0761504369237965E-4	8	7.832671258232924E-5	
52	Kenyan_court_jails_seven_pirates_for_2009_attempted_hijack_of_Maltese_ship$AAA$.html.txt	5	0.9082410557319291	2	0.04987851770875529	1	0.030211838049918498	4	0.010121264699776688	0	4.878271856624269E-4	9	3.9922288460865826E-4	3	2.3834171048372831E-4	7	1.9128818016053446E-4	6	1.674646380791613E-4	8	6.317921062582279E-5	
53	13.html.txt	3	0.39306774393553706	8	0.37981964382922867	5	0.060636730887529564	0	0.03689593032456841	1	0.034770753319264026	9	0.03019450364270416	2	0.022059845859777834	4	0.015421225118165837	7	0.014467736884185227	6	0.012665886199039064	
54	36.html.txt	2	0.6754023930028485	9	0.28009494463745577	5	0.035193344289934266	4	0.007098551106859832	0	6.707627456560976E-4	1	6.321273311119097E-4	3	3.277200304270573E-4	7	2.630213909907581E-4	6	2.3026400278563773E-4	8	8.687146193014191E-5	
55	84.html.txt	2	0.8944254811037767	7	0.06370649049814316	9	0.03948137490293269	5	7.899694691305708E-4	0	4.806766140747222E-4	1	4.529900134596144E-4	3	2.3484809734932368E-4	4	2.0090623029359056E-4	6	1.6500994117380524E-4	8	6.225312966577715E-5	
56	14.html.txt	2	0.5625906525526759	1	0.23374915004499933	4	0.1276247276664235	9	0.04623031256215959	0	0.023204485353800583	5	0.006396027756467202	3	7.387120405058593E-5	7	5.928751690346198E-5	6	5.1903690821451104E-5	8	1.958165169840773E-5	
57	UK_drugs_policy_petition_reaches_signatures_may_prompt_Parliamentary_debate$AAA$.html.txt	5	0.9871334041918562	3	0.010520900292991527	0	5.053689430503127E-4	1	4.762600834140957E-4	9	4.135785236368265E-4	2	3.021569286351679E-4	4	2.1122677135258186E-4	7	1.9816670383893456E-4	6	1.7348649200320146E-4	8	6.545106922109845E-5	
58	Windows_Vista_faces_possible_trademark_challenges$AAA$.html.txt	5	0.5248039413614284	6	0.38544803885069306	7	0.08752706523847531	0	5.053689430503127E-4	1	4.762600834140957E-4	9	4.135785236368265E-4	2	3.021569286351679E-4	3	2.4691223009313043E-4	4	2.1122677135258186E-4	8	6.545106922109845E-5	
59	29.html.txt	6	0.6865900413503675	1	0.2441562028780453	0	0.06059948723652264	7	0.005126348437472757	9	0.0027171264728843856	5	4.065724368136223E-4	2	1.479124147305788E-4	3	1.2086892842256841E-4	4	1.0340011711009917E-4	8	3.203972763067121E-5	
60	Mississippi_tornado_kills_at_least_ten$AAA$.html.txt	5	0.7953222142620663	3	0.10617060967515948	0	0.07270497417562893	2	0.02436032229297938	1	4.464460072445605E-4	9	3.876883387668271E-4	4	1.980038890043349E-4	7	1.8576138706292685E-4	6	1.6262616659047587E-4	8	6.135380549673402E-5	
61	Watchdog_finds_police_could_have_prevented_Tayside_Scotland_road_crash$AAA$.html.txt	0	0.6049660347392127	5	0.3566003647833119	9	0.021899404595846876	7	0.014492279423320735	1	6.59090164417185E-4	2	4.18151062222844E-4	3	3.4169863903374663E-4	4	2.9231399461843703E-4	6	2.4008571056149638E-4	8	9.05768874539646E-5	
62	21.html.txt	9	0.9532003926870595	7	0.045043602957220964	5	5.187604446085006E-4	0	3.1565272301567455E-4	1	2.974713706899971E-4	2	1.8872678785140188E-4	3	1.542210277195647E-4	4	1.31931940947574E-4	6	1.0835941614598925E-4	8	4.0880644740906275E-5	
63	67.html.txt	5	0.5895962449315948	2	0.2887921063583088	0	0.026832599908076144	1	0.025287062939214174	9	0.02195898107299198	3	0.013109822385425487	4	0.011215100420237432	7	0.010521675208448602	6	0.009211277608948977	8	0.003475129166753503	
64	8.html.txt	0	0.8997603366942206	5	0.028533272631250006	1	0.016361755812540672	9	0.014208351799185361	2	0.010380500183756476	3	0.008482587049818018	4	0.0072566250548807155	7	0.006807950805252707	6	0.005960070385454984	8	0.0022485495836404054	
65	44.html.txt	1	0.4529680332524026	8	0.3894649475943365	7	0.08205950390956664	0	0.03931376991762899	6	0.029876610070991287	5	0.005891332755962963	9	1.5001840135931912E-4	2	1.0960215969360719E-4	3	8.956310813460599E-5	4	7.661882992365117E-5	
66	31.html.txt	8	0.8095117312406548	0	0.1798265550060655	2	0.008590357343469685	5	6.746052192831811E-4	1	3.8683700991551194E-4	9	3.359246030069602E-4	3	2.0055174079694992E-4	4	1.7156661977295142E-4	7	1.6095872370478281E-4	6	1.4091249332961328E-4	
67	27.html.txt	9	0.9810239884326157	6	0.016691490520378712	5	6.69022272770124E-4	0	4.070832777495167E-4	1	3.836355962977459E-4	2	2.4339254438768547E-4	3	1.9889200024059966E-4	4	1.701467563710107E-4	7	1.5962664989395672E-4	8	5.272194929493853E-5	
68	30.html.txt	1	0.9711023958771507	2	0.016648177927573456	0	0.008881786587326246	5	0.001307390050547056	9	6.510244379252447E-4	3	3.886708004074309E-4	4	3.3249741520750007E-4	7	3.119392318725159E-4	6	2.7308948479922893E-4	8	1.0302818719061199E-4	
69	Ghana_bans_gay_and_lesbian_conference$AAA$.html.txt	4	0.6794251862474908	5	0.15309894789907713	0	0.13105261275333635	7	0.03500110296037673	1	4.036804425706574E-4	9	3.505512371782614E-4	2	2.5610973273857416E-4	3	2.0928404834095503E-4	6	1.4704802336120036E-4	8	5.54766555292502E-5	
70	55.html.txt	4	0.744273129051504	2	0.10905493104386538	3	0.03901834988291485	1	0.036541199293356745	9	0.03391664589467834	7	0.02602917204425984	5	0.010790881627312883	0	2.5508664027179377E-4	6	8.756787884614883E-5	8	3.303664299003916E-5	
71	56.html.txt	9	0.3275921267673254	0	0.287775512356757	3	0.24519475677560398	2	0.12400768051565632	5	0.006554680000632802	1	0.0037586320709051997	4	0.001666996132340736	7	0.0015639264225025904	6	0.0013691508388392732	8	5.165381194366453E-4	
72	Motor_sport_legend_Peter_Brock_dies_in_rally$AAA$.html.txt	4	0.5112192120925626	0	0.242400458325123	5	0.21512454987700658	1	0.028724955769459746	9	7.477713668452462E-4	2	5.463153587870733E-4	3	4.464300857886896E-4	7	3.5829565251550795E-4	6	3.136725527081246E-4	8	1.183389192034574E-4	
73	Scottish_Parliament_approve_same-sex_marriage$AAA$.html.txt	5	0.49497624823600234	0	0.45709610152753605	7	0.03769516784845684	1	0.00817491933730569	9	6.023192610184142E-4	2	4.4004929551647184E-4	3	3.595931206928376E-4	4	3.076222423486208E-4	6	2.5265880525219024E-4	8	9.532032587053507E-5	
74	Job_market_in_France_suffers_as_unemployment_rate_hits_fifteen_year_high$AAA$.html.txt	5	0.5885614272314388	2	0.40915982785099175	0	5.027861336824904E-4	1	4.738260418650896E-4	9	4.114648312545208E-4	3	2.4565032583548997E-4	4	2.10147246203111E-4	7	1.9715392530138457E-4	6	1.7259984761616815E-4	8	6.511656581117796E-5	
75	39.html.txt	3	0.8550264278798893	6	0.06366670753058856	5	0.035471474292362734	1	0.03525229496793503	9	0.009789764933848174	0	3.1264331925318404E-4	2	1.869274841735605E-4	4	1.3067411406844206E-4	7	1.2259458541262027E-4	8	4.049089246846916E-5	
76	37.html.txt	3	0.5829167343712301	2	0.18304188895690499	9	0.07622320371233028	0	0.06006216287154527	1	0.05033900685799381	7	0.02920440088806524	5	0.01807072662725027	4	6.657113186573573E-5	6	5.467674415564968E-5	8	2.0627838658756663E-5	
77	26.html.txt	9	0.994105169535963	4	0.004653009375294596	5	3.685721000943261E-4	0	2.242668812387578E-4	1	2.1134928260749163E-4	2	1.3408776491226666E-4	3	1.0957190097290973E-4	7	8.794016578675654E-5	6	7.698786210283052E-5	8	2.9045131027168133E-5	
78	85.html.txt	2	0.9580915461884972	3	0.01933237529511644	6	0.019241718537849936	5	0.0010254576342327035	0	6.23965257850464E-4	1	5.880253423522597E-4	9	5.106341291668477E-4	4	2.607959366407156E-4	7	2.446710272932765E-4	8	8.0810651000106E-5	
79	Tanzania_accused_of_supporting_terrorism_to_destabilise_Burundi$AAA$.html.txt	5	0.470031116896054	9	0.37071131451555334	0	0.08471297000487457	1	0.05901978891991834	2	0.014885663156772632	3	1.7627956027228391E-4	4	1.508024222118244E-4	7	1.4147836824510217E-4	6	1.2385827349244903E-4	8	4.67278826054678E-5	
80	82.html.txt	1	0.8569752391668659	6	0.07738116904936197	5	0.05093514593661002	9	0.013708333192801946	0	3.304986663675266E-4	2	1.976030844809728E-4	3	1.6147443145806304E-4	4	1.3813703274242702E-4	7	1.295960747843109E-4	8	4.280336452679118E-5	
81	71.html.txt	9	0.563157674985555	3	0.4324580884987361	5	0.0013180481470631607	0	8.019992484204018E-4	1	7.558047129791987E-4	2	4.7951033201162923E-4	4	3.352079984348652E-4	7	3.144822208137777E-4	6	2.7531576308955676E-4	8	1.0386809289625612E-4	
82	Former_Greek_Culture_Ministry_official_attempts_suicide$AAA$.html.txt	5	0.9086454595446593	1	0.08353913078224384	2	0.00586063566621413	0	5.445304375577876E-4	9	4.456270958819965E-4	3	2.660456811601024E-4	4	2.2759492408517323E-4	7	2.1352282017863657E-4	6	1.8693011650196308E-4	8	7.05229315170671E-5	
83	74.html.txt	3	0.7681089419919124	5	0.060636730887529564	0	0.03689593032456841	1	0.034770753319264026	9	0.03019450364270416	2	0.022059845859777834	4	0.015421225118165837	7	0.014467736884185227	6	0.012665886199039064	8	0.00477844577285339	
84	77.html.txt	5	0.4356779289439049	1	0.4098119513756393	0	0.03689593032456841	9	0.03019450364270416	2	0.022059845859777834	3	0.01802654587916175	4	0.015421225118165837	7	0.014467736884185227	6	0.012665886199039064	8	0.00477844577285339	
85	Northumbria_Police_arrest_bail_man_over_murder_of_seven_year_old$AAA$.html.txt	0	0.9945732772132819	5	0.0015447194819011216	1	8.857842312157258E-4	9	7.692043640962811E-4	2	5.619741230862214E-4	3	4.592258883905676E-4	4	3.9285539517290786E-4	7	3.685653018707927E-4	6	3.2266319243839616E-4	8	1.2173080854615679E-4	
86	62.html.txt	2	0.5343638222169804	1	0.2549379393312859	9	0.1424453707913902	8	0.056432457565297516	5	0.004533126574907761	0	0.0027582938560865478	3	0.0013476421466419755	4	0.0011528716073176274	7	0.0010815900129926227	6	9.468858970995337E-4	
87	61.html.txt	6	0.8791179853574352	7	0.08572544677893758	5	0.013533031325144414	9	0.013442708200201091	3	0.007842805421962093	0	1.0947148176132977E-4	1	1.031660092138369E-4	2	6.545231391247388E-5	4	4.575530009434447E-5	8	1.4177811337693711E-5	
88	Transcript_of_9_11_confession_by_Khalid_Sheikh_Mohammed_released$AAA$.html.txt	8	0.42995669582723917	5	0.34255788870093656	1	0.2168183326455183	3	0.0064269897211271815	9	0.0033907243452988827	0	3.087189225170128E-4	2	1.8458111192244783E-4	4	1.2903385171459666E-4	7	1.2105573982968956E-4	6	1.0597913389614962E-4	
89	79.html.txt	4	0.4939985641950197	9	0.20713501043583257	2	0.12449704649459659	1	0.104645393370281	5	0.04441835338675296	7	0.021340739281067445	0	0.0020214848979246153	3	9.876533790016838E-4	6	6.939491007532624E-4	8	2.6180545877014247E-4	
90	17.html.txt	0	0.6745441904670092	9	0.2807987599582309	5	0.04271387295542047	1	5.529541871018917E-4	2	3.5081449121864114E-4	3	2.8667351355152713E-4	4	2.4524147984468107E-4	7	2.30078296393034E-4	6	2.0142372938565252E-4	8	7.599092184392583E-5	
91	Wiki_loves_the_European_Parliament_in_Strasbourg$AAA$.html.txt	2	0.5759434668315822	5	0.2506594267606787	3	0.062012781185588506	9	0.04595656491548643	6	0.04044964260612333	1	0.0244647147709916	0	2.6469529259058665E-4	4	1.1063349423229265E-4	7	1.0379306915410669E-4	8	3.4281073572264653E-5	
92	11.html.txt	1	0.9756287617196662	0	0.011181429564500054	2	0.010970637694021216	5	8.61529870218679E-4	9	4.2900510010783293E-4	3	2.561221145079779E-4	4	2.1910557974026248E-4	7	2.0555836862823845E-4	6	1.7995757907039202E-4	8	6.789240953918286E-5	
93	Connecticut_ex-death_row_inmate_Robert_Courchesne_dies$AAA$.html.txt	0	0.5014131006360809	5	0.4964218060621428	1	4.94024696847764E-4	9	4.2900510010783293E-4	2	3.134274533346757E-4	3	2.561221145079779E-4	4	2.1910557974026248E-4	7	2.0555836862823845E-4	6	1.7995757907039202E-4	8	6.789240953918286E-5	
94	White_House_reverses_Geneva_Conventions_stance$AAA$.html.txt	5	0.704327094438136	1	0.28688462154158195	9	0.006725177187567005	0	6.123144330385459E-4	2	3.660989678732429E-4	3	2.991634611878127E-4	4	2.5592629409053807E-4	7	2.4010247281098642E-4	6	2.101994680353969E-4	8	7.930173567846973E-5	
95	76.html.txt	2	0.7696982987348644	9	0.15355994642441256	5	0.04675514141564545	7	0.029041229221012918	0	2.846048878832819E-4	1	2.6821186681005984E-4	3	1.3905173344945818E-4	4	1.1895501772605808E-4	6	9.770110388623431E-5	8	3.6859594309611426E-5	
96	Indiana_legislators_vote_for_state_constitutional_ban_on_same-sex_marriage$AAA$.html.txt	0	0.9982342095981148	5	5.026331622138525E-4	1	2.8822354763544415E-4	9	2.502898593850696E-4	2	1.8285962848189487E-4	3	1.4942658725850894E-4	4	1.278304260949115E-4	7	1.199267215388676E-4	6	1.0499072656591844E-4	8	3.9609742710761246E-5	
97	10.html.txt	1	0.6690105101126342	0	0.3292715956397156	5	5.843868353989318E-4	9	2.909996988942274E-4	2	2.1260188870167197E-4	3	1.7373093742531376E-4	4	1.4862214391958312E-4	7	1.3943289569511068E-4	6	1.220675495700524E-4	8	4.6052298045267596E-5	
98	FLDS_couple_reunited_with_child__Texas_fear_families_will_flee_justice$AAA$.html.txt	6	0.5358181498299541	5	0.41682184373562425	1	0.03395731154255641	0	0.012546067391888644	9	2.464588887142378E-4	2	1.8006075410754166E-4	3	1.471394435658469E-4	4	1.2587383618586483E-4	7	1.1809110680803836E-4	8	3.900347059499541E-5	
99	Two_Fox_News_journalists_kidnapped_in_Gaza$AAA$.html.txt	5	0.543453075032775	4	0.2976062917980214	7	0.07846225762288529	1	0.042222908826910474	3	0.03677257189731008	0	5.132790777265601E-4	9	4.200519365090637E-4	2	3.068863486593569E-4	6	1.762019368977216E-4	8	6.647552230505404E-5	
100	86.html.txt	5	0.7302387453950135	9	0.26574688653461886	0	9.310278763673903E-4	1	8.774013919083215E-4	2	5.566557412470171E-4	3	4.5487989001701955E-4	4	3.891375104638277E-4	7	3.6507729249899866E-4	6	3.1960958909200017E-4	8	1.2057877877316989E-4	
101	5.html.txt	2	0.7391566307227813	3	0.2224950168276179	9	0.026570105278994262	5	0.003975770932078672	0	0.002419156922699258	1	0.002279815357948959	4	0.0010111240771796682	7	9.48606676435052E-4	6	8.304646613050207E-4	8	3.133085429599208E-4	
102	Canadian_jail_inmates_used_nail_clippers_to_escape__report_finds$AAA$.html.txt	5	0.5709510277847973	0	0.4202411363769748	6	0.006474575467009173	1	5.806596669304753E-4	9	5.042378652920923E-4	2	3.6839186749455647E-4	3	3.01037139747611E-4	4	2.5752917569988356E-4	7	2.416062488860268E-4	8	7.9798407168048E-5	
103	52.html.txt	2	0.7721422419725286	5	0.060636730887529564	0	0.03689593032456841	1	0.034770753319264026	9	0.03019450364270416	3	0.01802654587916175	4	0.015421225118165837	7	0.014467736884185227	6	0.012665886199039064	8	0.00477844577285339	
104	Lewis__Scooter__Libby_indicted_on_five_charges$AAA$.html.txt	1	0.8049796654558025	5	0.18255197677156534	4	0.01191865944807658	0	1.458177602616031E-4	9	1.1933280593979547E-4	2	8.718352638602641E-5	3	7.124337351651113E-5	7	5.7178473884456836E-5	6	5.005731366644513E-5	8	1.888507090076084E-5	
105	66.html.txt	3	0.6737983805364368	4	0.17765162349708963	7	0.08313307967659694	1	0.060150347755996134	5	0.001909615110179228	0	0.0011619529123791516	9	9.509068110452477E-4	2	6.947243752337571E-4	6	3.9888310790299865E-4	8	1.5048621714020406E-4	
106	6.html.txt	7	0.646995929047511	1	0.21737755100452116	3	0.10314180082765398	9	0.01915515133605204	5	0.012941359372426424	0	1.5599109709818474E-4	2	9.326610081958532E-5	4	6.519889330935068E-5	6	5.354968600949547E-5	8	2.0202634598841836E-5	
107	Cyclist_dies_in_crash_with_car_in_Edinburgh_Scotland$AAA$.html.txt	0	0.9685550456337562	9	0.025475721968564756	5	0.0019797644882957933	1	0.0011352508891096745	2	7.202449540275086E-4	3	5.88559357601168E-4	4	5.034966992463416E-4	7	4.7236569798665955E-4	6	4.135360093235221E-4	8	1.5601430208843687E-4	
108	Chilean_miner_Edison_Pe_a_completes_New_York_Marathon$AAA$.html.txt	5	0.9405393718894837	7	0.0455014512591633	0	0.006217246193042262	2	0.00599332952396	1	5.24784776145481E-4	9	4.557167827071919E-4	3	2.7206936694785356E-4	4	2.3274802525034924E-4	6	1.911625035159734E-4	8	7.211967978389674E-5	
109	40.html.txt	7	0.32297400269859833	4	0.24764446087680622	2	0.21540506607870277	3	0.13734916343245884	6	0.07542724864931312	5	4.350142978593954E-4	0	2.6469529259058665E-4	1	2.494490487832783E-4	9	2.1661855131516062E-4	8	3.4281073572264653E-5	
110	Denny_s_Super_Bowl_free__Grand_Slam_Breakfast__brings_2_million_diners$AAA$.html.txt	2	0.7548227653890992	5	0.1615052580942424	9	0.06860659045271945	1	0.01482884572056072	0	8.534849439831596E-5	3	4.1699410651915015E-5	4	3.567272417404052E-5	7	3.346709378388973E-5	6	2.92990123246347E-5	8	1.105360804536929E-5	
111	46.html.txt	5	0.4356779289439049	4	0.39046242317454116	0	0.03689593032456841	1	0.034770753319264026	9	0.03019450364270416	2	0.022059845859777834	3	0.01802654587916175	7	0.014467736884185227	6	0.012665886199039064	8	0.00477844577285339	
112	22.html.txt	9	0.9832478646759805	2	0.011184750739068616	5	0.0017078945799805117	0	0.00103921102774405	1	9.793532775696418E-4	3	5.077358154399129E-4	4	4.343543329343856E-4	7	4.074983767663136E-4	6	3.5674743795328153E-4	8	1.3458973656288394E-4	
113	33.html.txt	8	0.998130696396087	5	4.6238414315130405E-4	0	2.813491571723951E-4	1	2.65143663666072E-4	9	2.3024756596140938E-4	2	1.6821690049291483E-4	3	1.374610545178331E-4	4	1.1759423468643704E-4	7	1.1032342978615763E-4	6	9.658345447839838E-5	
114	24.html.txt	9	0.9948557054170388	0	0.0041744951506315214	5	3.2164512101122243E-4	1	1.8444007444547262E-4	2	1.1701557269335559E-4	3	9.5621093780136E-5	4	8.180127369455287E-5	7	7.674353337919325E-5	6	6.718568827136633E-5	8	2.534707505432292E-5	
115	Texas_man_foils_burglary_in_Britain$AAA$.html.txt	0	0.7956815703969161	5	0.16054695909848204	6	0.030136895506733746	3	0.010411277068777073	1	9.209810580547839E-4	9	7.997688648548762E-4	2	5.843042856712449E-4	4	4.084655887498615E-4	7	3.8321032336889176E-4	8	1.2656780839147709E-4	
116	4.html.txt	5	0.5895962449315948	6	0.28196034039084755	0	0.026832599908076144	1	0.025287062939214174	9	0.02195898107299198	2	0.016043043576410284	3	0.013109822385425487	4	0.011215100420237432	7	0.010521675208448602	8	0.003475129166753503	
117	75.html.txt	5	0.7316501800228047	9	0.23974512970097384	1	0.01353049000153025	3	0.013241827935874008	0	6.360680551705844E-4	2	3.803011099044808E-4	4	2.6585448809588326E-4	7	2.494168105178704E-4	6	2.1835377318755718E-4	8	8.237810194077305E-5	
118	Man_in_Glasgow_Scotland_seriously_injured_after_being_hit_by_car$AAA$.html.txt	0	0.9945209292571298	5	0.001559620355021768	1	8.943287977834825E-4	9	7.766243628517443E-4	2	5.673951106527718E-4	3	4.636557326288252E-4	4	3.9664500776394497E-4	7	3.7212060421804494E-4	6	3.2577570791292743E-4	8	1.229050640367314E-4	
119	70.html.txt	9	0.8929794899050918	5	0.10457798937134877	0	5.664789183196606E-4	1	5.338501714467024E-4	2	3.386942004447632E-4	3	2.767692295826866E-4	4	2.3676863131665048E-4	7	2.2212932072969953E-4	6	1.9446474043273754E-4	8	7.336551128655696E-5	
120	0.html.txt	1	0.4978270269826565	5	0.4442332257527291	9	0.054944511383532214	0	8.889632525369518E-4	2	5.315055658838793E-4	3	4.343280333569869E-4	4	3.715559498989162E-4	7	3.485827928520886E-4	6	3.0516935859083437E-4	8	1.151309279624971E-4	
121	51.html.txt	8	0.9147403146268615	5	0.02108952579136249	0	0.012832447640021522	1	0.012093308596597354	9	0.010501683616673316	2	0.007672440143189585	3	0.006269653701366447	4	0.005363520099182176	7	0.005031895778280168	6	0.004405210006465429	
122	Football__FC_Bayern__Jupp_Heynckes_reach_agreement__club_s_head_coach_until_season_end$AAA$.html.txt	8	0.6248949726208121	5	0.36599922314035377	1	0.007646945420558554	0	3.5948274608681483E-4	9	2.941897111882785E-4	2	2.1493248437333046E-4	3	1.756354198984905E-4	4	1.5025137744825433E-4	7	1.4096139436075436E-4	6	1.2340568491972056E-4	
123	83.html.txt	1	0.8664234195784207	0	0.057643580951754196	4	0.025930572692648975	9	0.020307406635188353	7	0.017319067304789028	5	0.009067924023588836	6	0.0029649317059645026	2	1.6869935854784852E-4	3	1.3785530261536358E-4	8	3.65424464821788E-5	
124	US_Treasury_Secretary___We_need_the_ability_to_seize_firms_$AAA$.html.txt	5	0.45509879452807445	6	0.4461454530566739	9	0.09711306428732087	0	4.1393461765683743E-4	1	3.9009230433378764E-4	2	2.47488917645085E-4	3	2.0223941531013668E-4	4	1.730103799235929E-4	7	1.6231321673781346E-4	8	5.360927632343517E-5	
125	UK_education_secretary_Michael_Gove_to_drop_GCSEs_in_favour_of_new_O-level-style_exams$AAA$.html.txt	9	0.7136132711751185	5	0.2852575787425474	0	2.6187688443806583E-4	1	2.4679297875706603E-4	2	1.5657455047544358E-4	3	1.2794732726582777E-4	4	1.0945549692439021E-4	7	1.0268790695263318E-4	6	8.989888010068074E-5	8	3.3916057419965035E-5	
126	Hamas_returns_rocket-prevention_forces_to_action$AAA$.html.txt	4	0.6703359535593156	5	0.3268141962348607	0	6.047859633372852E-4	1	5.69950760345821E-4	9	4.949383797183765E-4	2	3.61597742949278E-4	3	2.95485215287091E-4	7	2.371503879111005E-4	6	2.0761504369237965E-4	8	7.832671258232924E-5	
127	World_Health_Organisation__China_engaging_in_bird_flu_cover_up$AAA$.html.txt	3	0.6411074955583695	5	0.34193112175770185	9	0.015973330588127194	0	2.584371678974548E-4	1	2.4355138722462167E-4	2	1.545179654803044E-4	4	1.0801781415968378E-4	7	1.0133911554317514E-4	6	8.87180707843936E-5	8	3.347057471174473E-5	
128	New_South_Wales_government_starts_trial_of_hunting_in_national_parks$AAA$.html.txt	2	0.7126346776263996	0	0.14682752513188388	6	0.0911627916521184	9	0.03593873493027075	1	0.008282510222704417	5	0.004597684169192668	3	1.9023310364780596E-4	4	1.6273930324452187E-4	7	1.5267719665695463E-4	8	5.0426663880929215E-5	
129	Scientists_discover_new_kind_of_shark_in_northwest_Atlantic$AAA$.html.txt	2	0.8457933775139607	5	0.15051152715096935	0	8.152920859126831E-4	1	7.683318933292062E-4	9	6.672101676635619E-4	3	3.983339100636808E-4	4	3.4076394559826186E-4	7	3.196946459671962E-4	6	2.7987901885946056E-4	8	1.055896676760611E-4	
130	19.html.txt	0	0.8190713390264591	1	0.12608639516588988	5	0.01865603671778921	9	0.009289909933940025	2	0.0067871286648374385	3	0.005546207668093746	4	0.0047446314771062755	7	0.004451272794295415	6	0.0038968993633726455	8	0.0014701791882162838	
131	Court_rules_Massey_can_appeal_US_restrictions_in_mine_disaster_investigation$AAA$.html.txt	7	0.5848781641593419	5	0.3569614534515695	1	0.04538682674794754	6	0.01196618579611638	0	2.338630936159365E-4	9	1.9138642039819766E-4	2	1.39825280242983E-4	3	1.1426040079285335E-4	4	9.77466994803101E-5	8	3.0287950494403484E-5	
132	Hamas_returns_rocket_prevention_forces_to_action$AAA$.html.txt	4	0.6826310576676763	5	0.3083715400723197	9	0.0066424904338986965	0	6.047859633372852E-4	1	5.69950760345821E-4	2	3.61597742949278E-4	3	2.95485215287091E-4	7	2.371503879111005E-4	6	2.0761504369237965E-4	8	7.832671258232924E-5	
133	New_insulin-resistance_discovery_may_help_diabetes_sufferers$AAA$.html.txt	5	0.5975338943148532	6	0.39418698380590755	1	0.006150358114605342	0	5.537251505376954E-4	9	4.531517684440697E-4	2	3.3106880249635567E-4	3	2.7053801714187496E-4	4	2.3143799668187264E-4	7	2.1712827712059985E-4	8	7.171375221151599E-5	
134	Scottish_Justice_Secretary_acutely_aware_of_unusual_publicity_in_Kular_case$AAA$.html.txt	6	0.5222711390173254	5	0.2231102701604836	1	0.1435821345132142	0	0.08216314609489256	9	0.028363101040711255	2	1.5056272449032453E-4	3	1.2303467023154255E-4	4	1.0525285097314178E-4	7	9.874510893404874E-5	8	3.261381874394141E-5	
135	42.html.txt	4	0.7166492276806617	0	0.25241671052472076	1	0.017309982615877746	3	0.011463072013214838	5	9.049279012520578E-4	9	4.5061546707425256E-4	2	3.292158024293839E-4	7	2.1591300492034365E-4	6	1.890226212368421E-4	8	7.131236861194775E-5	
136	38.html.txt	3	0.5382976710511623	6	0.3768151268257511	9	0.057885363638212554	5	0.008661574492425965	0	0.005270350896165	1	0.004966782767217266	2	0.0031511098208824436	4	0.002202824726372806	7	0.002066624947041147	8	6.825708347693849E-4	
137	25.html.txt	9	0.6862464451967469	0	0.21163806814323097	3	0.09262478664531522	5	0.007659444595403927	1	6.11287928298177E-4	2	3.8782356397005835E-4	4	2.711131584566698E-4	7	2.543503393755032E-4	6	2.2267286715302442E-4	8	8.400756204940795E-5	
138	49.html.txt	0	0.41193712838094376	6	0.3877070842554144	5	0.060636730887529564	1	0.034770753319264026	9	0.03019450364270416	2	0.022059845859777834	3	0.01802654587916175	4	0.015421225118165837	7	0.014467736884185227	8	0.00477844577285339	
139	34.html.txt	8	0.7089006804047406	9	0.20616114431067462	0	0.08276708499078163	5	7.393920878033601E-4	1	4.239875652088222E-4	2	2.6899331887029397E-4	3	2.1981207097392542E-4	4	1.880433141713324E-4	7	1.7641667062211937E-4	6	1.5444526615324605E-4	
140	Payment_pending__Canadian_recording_industry_set_for_six_billion_penalties_$AAA$.html.txt	6	0.7763778182018731	5	0.2053549800461445	4	0.01779052564993551	0	1.0910725120460665E-4	1	1.0282275805503022E-4	9	8.929004540506786E-5	2	6.523454274183115E-5	3	5.330742041973635E-5	7	4.278344491381017E-5	8	1.4130639306827241E-5	
141	Indiana_legislators_vote_for_state_constitutional_ban_on_samesex_marriage$AAA$.html.txt	0	0.9982342095981148	5	5.026331622138525E-4	1	2.8822354763544415E-4	9	2.502898593850696E-4	2	1.8285962848189487E-4	3	1.4942658725850894E-4	4	1.278304260949115E-4	7	1.199267215388676E-4	6	1.0499072656591844E-4	8	3.9609742710761246E-5	
142	Foxconn_employee_commits_suicide_over_missing_iPhone_in_China$AAA$.html.txt	5	0.8072840909037718	2	0.10113942344197864	1	0.08948263657529894	0	5.832718007945647E-4	9	4.77331845513889E-4	3	2.8497386526240155E-4	4	2.4378747645079681E-4	7	2.2871419345242848E-4	6	2.0022951547729964E-4	8	7.554038199913515E-5	
143	35.html.txt	1	0.7843206850444014	0	0.11176650522339941	6	0.09209902725010517	2	0.009962045379657638	5	7.823245924643364E-4	9	3.8956425274238346E-4	3	2.3257537060519855E-4	4	1.989619736962274E-4	7	1.86660233758235E-4	8	6.165067916992983E-5	
144	Unidentified_plane_reportedly_shot_down_in_Kodori_gorge$AAA$.html.txt	1	0.5467050317329347	5	0.4332100474397398	0	0.014104927790546434	7	0.004727971678017247	9	3.6650958488610537E-4	2	2.6776876495110863E-4	3	2.1881140770791635E-4	4	1.8718727366329237E-4	6	1.5374217599189237E-4	8	5.800215156152882E-5	
145	18.html.txt	0	0.8410657611858287	7	0.08257665075394022	9	0.05802414901882397	5	0.017149801690920632	1	3.82054678470553E-4	2	2.4238955192259186E-4	3	1.9807238936011613E-4	4	1.6944560130880627E-4	6	1.3917044117181957E-4	8	5.250468825261325E-5	
146	59.html.txt	4	0.5656378224339648	1	0.2871316276384681	0	0.1439579435381736	5	0.0012186975648502917	9	6.068593659753947E-4	2	4.433662573292355E-4	3	3.6230362758745896E-4	7	2.9077747846194333E-4	6	2.545632728134811E-4	8	9.603882237561791E-5	
147	Sandra_Fluke_declares_candidacy_for_California_State_Senate$AAA$.html.txt	4	0.5279310618727938	5	0.2795604511994357	3	0.13058069896774183	9	0.04271139234471678	7	0.01831723486147048	0	2.984178775265461E-4	1	2.812292389500888E-4	2	1.7842218158283212E-4	6	1.0244292102842438E-4	8	3.864853475346769E-5	
148	Creator_of_website_satirizing_Glenn_Beck_on_winning_domain_name_case$AAA$.html.txt	7	0.8838040100411824	5	0.09892633135786756	9	0.008317081123740468	4	0.007810966257601919	0	0.0010217717767495174	1	4.514453982332548E-5	2	2.8641357889747368E-5	3	2.3404730718559152E-5	6	1.644472866779783E-5	8	6.204085758667342E-6	
149	42_West_Papuan_asylum_seekers_get_temporary_Australian_visas$AAA$.html.txt	1	0.6593021627806589	5	0.21352533403894025	4	0.121157551707126	9	0.005615382765653738	0	1.353830906419935E-4	2	8.094470271682036E-5	3	6.61452217968746E-5	7	5.308680162678816E-5	6	4.6475229226131144E-5	8	1.7533661612627422E-5	
150	Toyota_employs_the_Japanese_hybrid_solar_powered_vehicle_carrier_ship__Auriga_Leader_$AAA$.html.txt	2	0.5452977718263841	5	0.45251299218678576	0	4.830367317773156E-4	1	4.5521419021080095E-4	9	3.9530252331103615E-4	3	2.3600119932213644E-4	4	2.0189267801497585E-4	7	1.8940973379108587E-4	6	1.6582013844961373E-4	8	6.255879195319437E-5	
151	Man_in_Glasgow,_Scotland_seriously_injured_after_being_hit_by_car$AAA$.html.txt	0	0.9945209292571298	5	0.001559620355021768	1	8.943287977834825E-4	9	7.766243628517443E-4	2	5.673951106527718E-4	3	4.636557326288252E-4	4	3.9664500776394497E-4	7	3.7212060421804494E-4	6	3.2577570791292743E-4	8	1.229050640367314E-4	
152	63.html.txt	8	0.9957453674299136	5	0.0029888878099874148	0	2.531177024564083E-4	1	2.385383188722615E-4	9	2.0714380479420339E-4	2	1.513374903803782E-4	3	1.2366778221933425E-4	4	1.05794461249131E-4	7	9.925323166144169E-5	6	8.689196846570096E-5	
153	68.html.txt	0	0.9197786027994902	5	0.07124490036065949	9	0.006896884160218258	1	5.917787026192644E-4	2	3.7544619304085287E-4	3	3.0680169149992936E-4	4	2.624605946679833E-4	7	2.462327601748156E-4	6	2.155662729986902E-4	8	8.132646463052073E-5	
154	President_of_Kosovo_Fatmir_Sejdiu_resigns_over_breach_of_constitution$AAA$.html.txt	5	0.9913357231113671	0	0.006324646020527572	1	5.338501714467024E-4	9	4.635890628655176E-4	2	3.386942004447632E-4	3	2.767692295826866E-4	4	2.3676863131665048E-4	7	2.2212932072969953E-4	6	1.9446474043273754E-4	8	7.336551128655696E-5	
155	Warrants_issued_for_28_in_Iraqi_corruption_scandal$AAA$.html.txt	5	0.7606078914435803	1	0.2367624330551014	0	6.279480222623494E-4	9	5.138935020430651E-4	2	3.7544619304085287E-4	3	3.0680169149992936E-4	4	2.624605946679833E-4	7	2.462327601748156E-4	6	2.155662729986902E-4	8	8.132646463052073E-5	
156	16.html.txt	3	0.9605327795128481	5	0.010320204876010186	0	0.006279585895664638	1	0.005917886612548477	9	0.005139021500023324	2	0.0037545251116585655	4	0.0026246501143628825	7	0.0024623690385608766	6	0.0021556990061480305	8	8.132783321749582E-4	
157	23.html.txt	9	0.9948000110057711	5	0.0014350349731559729	0	8.731827987410621E-4	1	8.228881459436459E-4	2	5.22070531307644E-4	3	4.26618048221955E-4	4	3.649602650005418E-4	7	3.423949165355522E-4	6	2.9975213695718336E-4	8	1.1308717836541849E-4	
158	Four_found_dead_in_Leicestershire__England$AAA$.html.txt	5	0.5961246243549734	0	0.40140786998782285	1	5.630282691605421E-4	9	4.889269716999402E-4	2	3.572058597159539E-4	3	2.9189631964816946E-4	4	2.497094499763276E-4	7	2.3427001370315316E-4	6	2.050933989997403E-4	8	7.737537429988874E-5	
159	53.html.txt	1	0.9271794406778673	0	0.07006794709268292	5	9.363733256857045E-4	9	4.662739461629297E-4	2	3.406557531959942E-4	3	2.783721428980935E-4	4	2.3813988054251413E-4	7	2.234157861596781E-4	6	1.9559098601389116E-4	8	7.379040879091527E-5	
160	Putin_delivers_eighth_annual_address_to_parliament$AAA$.html.txt	2	0.5274006735801047	5	0.3440224012508111	1	0.11174459128422493	4	0.012671486133465847	0	0.0037763277367994447	9	1.4488879524932809E-4	3	8.650066071112848E-5	7	6.942366040981001E-5	6	6.0777451878639634E-5	8	2.2929446345121877E-5	
161	28.html.txt	4	0.7825297426037642	7	0.10220185746994137	2	0.06069042857198711	9	0.03303032805611706	5	0.012397606148172535	0	0.008825818104277667	1	1.6049371680313076E-4	3	8.32063465149586E-5	6	5.8462787217297056E-5	8	2.205619520479466E-5	
162	69.html.txt	0	0.9968386104559087	5	8.998911885804517E-4	1	5.160221218117353E-4	9	4.4810739916089243E-4	2	3.2738342948398705E-4	3	2.6752645730997155E-4	4	2.2886168825118796E-4	7	2.1471126081858458E-4	6	1.879705455628723E-4	8	7.091545311168184E-5	
163	12.html.txt	6	0.6971281606014119	2	0.14640838062785191	5	0.09399363531192888	0	0.053750403217319706	1	0.007252526202798249	9	5.343583273111357E-4	3	3.190194817298755E-4	4	2.729125855732586E-4	7	2.5603850862701154E-4	8	8.456513544795025E-5	
