#doc name topic proportion ...
0	Italian_parliament_votes_to_back_same-sex_civil_unions$AAA$.html.txt	9	0.45062380440856714	2	0.4104270588374604	1	0.13834272597203043	3	1.541979271288822E-4	7	9.310068898395944E-5	11	7.441699141889677E-5	5	5.582796356739294E-5	6	5.1609824401970396E-5	8	4.030088204769794E-5	0	3.830727741867299E-5	10	3.686149177695596E-5	12	2.907842814827278E-5	13	1.648019987163452E-5	4	1.6229107177634318E-5	
1	138.html.txt	3	0.9275491063239997	9	0.012274327831833402	7	0.009515686638827812	11	0.007606052959163012	1	0.007083971220168554	2	0.006872573403828055	5	0.005706095333867355	6	0.0052749654363856814	8	0.004119094810354491	0	0.00391533136737088	10	0.003767559710000373	12	0.0029720640440835775	13	0.0016844173704315276	4	0.0016587535496856178	
2	20.html.txt	3	0.7906699096050921	11	0.20748749275588058	9	3.487809860208425E-4	7	2.703928568657093E-4	1	2.0129448235086005E-4	2	1.9528751074018904E-4	5	1.6214146991525434E-4	6	1.4989070451230173E-4	8	1.1704607935782845E-4	0	1.1125604217351035E-4	10	1.0705703876821177E-4	12	8.445264311127064E-5	13	4.786353757034936E-5	4	4.713428764094744E-5	
3	Che_Guevara_s___Motorcycle_Diaries___companion_dies$AAA$.html.txt	5	0.5856524511014121	9	0.37686067481073116	3	0.032902474813747806	2	0.004156846779361797	7	8.547553167237651E-5	11	6.832207125862201E-5	1	6.363242395194196E-5	6	4.738286288124525E-5	8	3.7000148521846255E-5	0	3.516982462768283E-5	10	3.3842452104893635E-5	12	2.6696839016936242E-5	13	1.5130434172594496E-5	4	1.4899906538986815E-5	
4	Robert_Kubica_wins_2008_Canadian_Grand_Prix$AAA$.html.txt	8	0.6859801551864524	9	0.31347132366665803	3	1.2037240625258433E-4	7	7.267772119534269E-5	11	5.80925599322968E-5	1	5.410506932778348E-5	2	5.249048152761274E-5	5	4.3581301227038195E-5	6	4.0288471221445495E-5	0	2.9904028191097914E-5	10	2.8775396309597625E-5	12	2.2699659012438557E-5	13	1.2865032306265085E-5	4	1.2669020386182748E-5	
5	32.html.txt	7	0.4060696935384145	4	0.318568745087681	5	0.1999182311984932	11	0.043775667588678464	3	0.03133908236303952	9	8.408547498645169E-5	1	4.85288557548046E-5	2	4.7080671704188896E-5	6	3.6136233310085316E-5	8	2.8217923489432397E-5	0	2.6822038833026528E-5	10	2.58097267806053E-5	12	2.0360171266469565E-5	13	1.1539127568422545E-5	
6	142.html.txt	1	0.7284777949914786	3	0.19574692216453976	12	0.07545264109327435	9	6.34701435539209E-5	7	4.920530111752076E-5	11	3.933064847304899E-5	2	3.5537849933789014E-5	5	2.9506030385928086E-5	6	2.7276671934821627E-5	8	2.1299703128945937E-5	0	2.0246049099625518E-5	10	1.948192674319128E-5	13	8.710066552788001E-6	4	8.577359783895902E-6	
7	94.html.txt	5	0.8957832464879308	3	0.10372742440880123	9	8.998732456094208E-5	7	6.97627759108431E-5	11	5.576259373558548E-5	1	5.1935032704309214E-5	2	5.038520250821729E-5	6	3.8672588289577024E-5	8	3.0198502653264702E-5	0	2.8704642677497505E-5	10	2.7621277765390385E-5	12	2.1789225073264687E-5	13	1.2349043848739186E-5	4	1.2160893540341316E-5	
8	162.html.txt	2	0.7253198267030947	3	0.26662302857200953	5	0.007720570279136254	9	6.900069425059622E-5	7	5.3492866847452247E-5	11	4.275777393919071E-5	1	3.98228676095139E-5	6	2.9653459011787247E-5	8	2.3155679520092645E-5	0	2.2010214023212487E-5	10	2.1179508905276655E-5	12	1.6707593703595067E-5	13	9.469029144399066E-6	4	9.324758804478862E-6	
9	7.html.txt	4	0.9995607243886531	3	7.99877190940005E-5	9	6.229529673283504E-5	7	4.829449978067834E-5	11	3.860262920694238E-5	1	3.595293324843087E-5	2	3.488003623296654E-5	5	2.8959867039498586E-5	6	2.677177452135978E-5	8	2.090544077014324E-5	0	1.9871290117017646E-5	10	1.9121311839533137E-5	12	1.5083971527548908E-5	13	8.548841236001129E-6	
10	Twenty_dead_after_double_suicide_bombing_in_Iraq$AAA$.html.txt	9	0.6207629419808969	11	0.292571956464855	7	0.08574486963588462	3	2.465889920120444E-4	1	1.1083698435241233E-4	2	1.0752941918399984E-4	5	8.927851053835602E-5	6	8.253298091720429E-5	8	6.444803809218476E-5	0	6.125992159091094E-5	10	5.894786182010414E-5	12	4.650140517378059E-5	13	2.635467253140655E-5	4	2.5953132151013836E-5	
11	81.html.txt	3	0.7585666340683206	7	0.14810010248517255	11	0.06175761908168475	12	0.03086757167785009	9	1.6599693151451045E-4	1	9.580300457963548E-5	2	9.294407907901608E-5	5	7.716873211539159E-5	6	7.133816924900663E-5	8	5.570627642540797E-5	0	5.2950597519522074E-5	10	5.095214660437703E-5	13	2.277991257135987E-5	4	2.2432837313706178E-5	
12	More_than_100_reported_dead_after_Syrian_troops_move_against_protesters$AAA$.html.txt	9	0.5358610608041525	11	0.41032507146681985	3	0.03395169488124665	2	0.019378383531901078	7	1.0073949901006344E-4	1	7.499571379426982E-5	5	6.040858711045872E-5	6	5.584435422543026E-5	8	4.3607525480807547E-5	0	4.145034776554145E-5	10	3.988593698822046E-5	12	3.146428147445645E-5	13	1.7832382303209538E-5	4	1.7560687727425828E-5	
13	Large_earthquake_off_Japan__tsunami_warning_issued$AAA$.html.txt	6	0.6088388523110984	3	0.2602616095701422	9	0.1301877723194091	7	1.233650796433262E-4	11	9.860784247032423E-5	1	9.183937081336859E-5	2	8.909872692300992E-5	5	7.397604944688175E-5	8	5.340155457246017E-5	0	5.075988568127355E-5	10	4.884411617640631E-5	12	3.85309995399977E-5	13	2.1837444941491377E-5	4	2.150472914173473E-5	
14	60.html.txt	12	0.9362356200298214	10	0.06345795127704873	3	5.927736176057822E-5	9	4.6165847485602335E-5	7	3.579012587146216E-5	11	2.860766680595369E-5	1	2.6644028041562302E-5	2	2.5848924677722365E-5	5	2.1461601036794184E-5	6	1.9840047712953285E-5	8	1.5492620483899632E-5	0	1.4726231304727975E-5	13	6.335381985135224E-6	4	6.238855963451108E-6	
15	Six_killed_and_hundreds_injured_in_Bahrain$AAA$.html.txt	9	0.64559188919333	11	0.3330085021552986	7	0.020523139697020756	3	2.3486209472883672E-4	1	1.0556597075170078E-4	2	1.0241570164371257E-4	5	8.503274143837148E-5	6	7.86080052652266E-5	8	6.138311813511552E-5	0	5.8346617139595944E-5	10	5.614451072568336E-5	12	4.428996338334125E-5	13	2.5101337842024778E-5	4	2.4718893297003726E-5	
16	Man_with_knife_stabs_people_in_Finnish_city_of_Turku$AAA$.html.txt	7	0.5054298628321952	9	0.47608708990099624	5	0.01770053752829982	3	2.0312275991491268E-4	11	9.802845578421144E-5	1	9.129975340184015E-5	2	8.857521261790456E-5	6	6.798489555887603E-5	8	5.308778490706748E-5	0	5.0461637578327905E-5	10	4.85571244940148E-5	12	3.8304604279977576E-5	13	2.1709135422280176E-5	4	2.137837454922925E-5	
17	US_Senate_blocks_Alaska_refuge_drilling$AAA$.html.txt	9	0.5210190881439677	2	0.4780526151873054	3	2.1183548071568832E-4	7	1.2790074142432996E-4	11	1.0223327540234182E-4	1	9.521595294985297E-5	5	7.669586563113708E-5	6	7.090103067796611E-5	8	5.536492533200393E-5	0	5.2626132387053774E-5	10	5.063992737037427E-5	12	3.994763691017343E-5	13	2.2640324206047134E-5	4	2.2295375719850735E-5	
18	47.html.txt	1	0.4629783509327106	5	0.46160047504640944	3	0.01576034689891558	9	0.012274327831833402	7	0.009515686638827812	11	0.007606052959163012	2	0.006872573403828055	6	0.0052749654363856814	8	0.004119094810354491	0	0.00391533136737088	10	0.003767559710000373	12	0.0029720640440835775	13	0.0016844173704315276	4	0.0016587535496856178	
19	93.html.txt	5	0.8570897336437076	2	0.14206896409582076	3	1.753109163127646E-4	9	1.365340289222976E-4	7	1.0584816150923804E-4	11	8.460626674949848E-5	1	7.879886741747122E-5	6	5.8676311511554736E-5	8	4.581893344188295E-5	0	4.355236176490047E-5	10	4.190861719348739E-5	12	3.305988594352347E-5	13	1.873669117548466E-5	4	1.8451218529488427E-5	
20	96.html.txt	0	0.5678509713628096	3	0.15756554349755492	7	0.14103377874110973	11	0.13340644335828403	9	3.420203807853745E-5	1	1.9739268556205596E-5	2	1.9150215024048352E-5	5	1.5899859655251306E-5	6	1.4698529417662105E-5	8	1.1477731366069191E-5	10	1.0498189589690049E-5	12	8.281565312600509E-6	13	4.693577345574597E-6	4	4.622065896115352E-6	
21	43.html.txt	5	0.7642375209367682	3	0.2075930895386857	7	0.027735315044650644	9	9.309898950191809E-5	11	5.7690804278475896E-5	1	5.373089030162003E-5	2	5.212746864351748E-5	6	4.0009844817033634E-5	8	3.124273440962165E-5	0	2.9697218361890958E-5	10	2.8576391855812296E-5	12	2.2542673051436282E-5	13	1.277606050898753E-5	4	1.2581404165199318E-5	
22	127.html.txt	12	0.6799565004955006	3	0.22406220912214453	7	0.0948493114297178	9	2.3171368393754002E-4	11	1.4358640045614924E-4	1	1.337305871915582E-4	2	1.297398377613882E-4	5	1.077191670960706E-4	6	9.958033471601913E-5	8	7.775991044657284E-5	0	7.391328204684261E-5	10	7.11236616635518E-5	13	3.179828333889092E-5	4	3.1313803982430784E-5	
23	Indian_airliner_crashes__nearly_160_presumed_dead$AAA$.html.txt	13	0.45457044992789924	9	0.34195773699775855	3	0.14663983741776676	7	0.05642839927863348	11	6.26754810104769E-5	1	5.8373417339089494E-5	2	5.663145473445844E-5	5	4.701942934948076E-5	6	4.346682804000539E-5	8	3.394221023082859E-5	0	3.226315647325995E-5	10	3.104548684156821E-5	12	2.4490434730996093E-5	4	1.3668479191843864E-5	
24	57.html.txt	8	0.8027007155749575	7	0.19632669770008443	3	2.055381061841051E-4	9	1.600752898028837E-4	11	9.919411868211748E-5	1	9.238540485148418E-5	2	8.962846637159125E-5	5	7.441587651282938E-5	6	6.879330848078767E-5	0	5.1061680272279145E-5	10	4.913452049601113E-5	12	3.876008688113607E-5	13	2.1967280197742868E-5	4	2.1632586225116822E-5	
25	48.html.txt	3	0.9779077559079701	9	0.003742775730815945	7	0.0029015911503916954	11	0.0023192920062820193	1	0.0021600951126531185	2	0.0020956341802593546	5	0.0017399433537967372	6	0.0016084801454458364	8	0.001256023816566247	0	0.0011938908118367614	10	0.001148831222384182	12	9.062630008771046E-4	13	5.136245781431317E-4	4	5.057989825778344E-4	
26	Zimbabwe_opposition_claims_early_victory_in_election$AAA$.html.txt	11	0.39748472011663993	9	0.30692262281831295	1	0.15785086543183452	2	0.08771375188640156	3	0.049780520797255264	7	6.09963924252656E-5	5	3.6576575439166074E-5	6	3.381299468969573E-5	8	2.6403761812001795E-5	0	2.5097620132279285E-5	10	2.4150390747326183E-5	12	1.905119321670678E-5	13	1.0797264226371355E-5	4	1.0632756867022033E-5	
27	80.html.txt	5	0.4703621339328645	1	0.37864682818448886	8	0.14919732101377622	3	3.9647651800399245E-4	9	3.0878018046288366E-4	7	2.3938218677402063E-4	11	1.91342323385687E-4	2	1.728904820657266E-4	6	1.3270012025899685E-4	0	9.849636923117654E-5	10	9.477893886306904E-5	12	7.476698394019487E-5	13	4.2374189995785216E-5	4	4.1728575888857344E-5	
28	3.html.txt	9	0.9478417433288837	3	0.010825199354109305	7	0.006535973193815495	11	0.005224316451214533	1	0.004865717815029442	2	0.0047205164739938105	5	0.0039193058324697915	6	0.0036231786521678812	8	0.0028292538715396255	0	0.002689296299188915	10	0.002587797413397705	12	0.0020414008636192374	13	0.0011569639899043404	4	0.0011393364606662806	
29	145.html.txt	1	0.5524741468040184	7	0.28847583426531226	2	0.09754553166247308	3	0.05294441434655839	11	0.008191458680735262	9	1.093596003739915E-4	5	5.083914279926993E-5	6	4.699793911432376E-5	8	3.66995707247347E-5	0	3.488411581748314E-5	10	3.35675264597564E-5	12	2.6479962129082278E-5	13	1.5007519191043689E-5	4	1.4778864292845224E-5	
30	U.S._launches_airstrikes_against_Basra_militants$AAA$.html.txt	11	0.6286008034866344	9	0.33321525040779804	2	0.03776027883215135	3	1.0864512488132666E-4	7	6.559709439378865E-5	1	4.883388308691944E-5	5	3.9335393066470535E-5	6	3.6363367015749976E-5	8	2.8395286787740743E-5	0	2.6990628321071662E-5	10	2.597195339773961E-5	12	2.0488144791215148E-5	13	1.1611656566734652E-5	4	1.1434741107464959E-5	
31	115.html.txt	0	0.7748078854308229	3	0.15299960234005125	1	0.05887232220565375	13	0.011781354976864071	9	3.160290953407301E-4	7	2.4500191629356534E-4	11	1.9583427041633178E-4	2	1.7694925418576857E-4	5	1.4691575546916985E-4	6	1.3581538456966424E-4	8	1.0605499742013855E-4	10	9.700396658020123E-5	12	7.652221156342936E-5	4	4.2708194768989584E-5	
32	123.html.txt	13	0.999615169765885	3	7.009454134830474E-5	9	5.4590383400145397E-5	7	4.232125693938381E-5	11	3.382811286216874E-5	1	3.150614112665702E-5	2	3.056594399308757E-5	5	2.537800328142869E-5	6	2.3460542160848983E-5	8	1.8319778324285913E-5	0	1.741353525926363E-5	10	1.6756317076561242E-5	12	1.3218329987530944E-5	4	7.377348355389686E-6	
33	Two_die_in_school_bus_accident_in_Missouri__several_others_injured$AAA$.html.txt	9	0.6511180625870829	7	0.3478042647437442	3	2.5570884649111966E-4	11	1.2340686667701241E-4	1	1.1493618261728933E-4	2	1.115062903621328E-4	5	9.258038957835236E-5	6	8.558538309277437E-5	8	6.68315862143731E-5	0	6.35255603193477E-5	10	6.1127991262483E-5	12	4.822121450021103E-5	13	2.7329374509661807E-5	4	2.691298354811876E-5	
34	136.html.txt	9	0.46816870754437545	2	0.4627669531163701	3	0.01576034689891558	7	0.009515686638827812	11	0.007606052959163012	1	0.007083971220168554	5	0.005706095333867355	6	0.0052749654363856814	8	0.004119094810354491	0	0.00391533136737088	10	0.003767559710000373	12	0.0029720640440835775	13	0.0016844173704315276	4	0.0016587535496856178	
35	Hurricane_Katrina_causes_upwards_of__12bn_of_damage__oil_prices_surge$AAA$.html.txt	9	0.49211911175339307	6	0.40167763704438186	2	0.10550081164677302	3	1.7355070903033636E-4	7	1.0478539423473582E-4	11	8.375677848029198E-5	1	7.800768827590608E-5	5	6.28347140668276E-5	8	4.5358888956269675E-5	0	4.3115074766703736E-5	10	4.148783419416253E-5	12	3.2727948530737265E-5	13	1.8548565638585073E-5	4	1.8265959277478482E-5	
36	15.html.txt	3	0.47165472661145763	8	0.4600134745228966	9	0.012274327831833402	7	0.009515686638827812	11	0.007606052959163012	1	0.007083971220168554	2	0.006872573403828055	5	0.005706095333867355	6	0.0052749654363856814	0	0.00391533136737088	10	0.003767559710000373	12	0.0029720640440835775	13	0.0016844173704315276	4	0.0016587535496856178	
37	41.html.txt	1	0.4629783509327106	13	0.45757879708297355	3	0.01576034689891558	9	0.012274327831833402	7	0.009515686638827812	11	0.007606052959163012	2	0.006872573403828055	5	0.005706095333867355	6	0.0052749654363856814	8	0.004119094810354491	0	0.00391533136737088	10	0.003767559710000373	12	0.0029720640440835775	4	0.0016587535496856178	
38	114.html.txt	13	0.9866605089734141	9	0.011513436863514108	3	3.875862611995389E-4	7	2.3401448145430413E-4	11	1.8705182365817875E-4	1	1.742125308078838E-4	2	1.6901373094727927E-4	5	1.403271241862041E-4	6	1.2972456409485485E-4	8	1.0129882085156209E-4	0	9.628776928387118E-5	10	9.265369545549402E-5	12	7.309047182021078E-5	4	4.079288931250294E-5	
39	Bush_Administration_changes_official_position_on_legitimacy_of_Qur_an_desecration_allegations$AAA$.html.txt	5	0.4835296695946977	9	0.20726836690528852	3	0.16123488051947688	11	0.1266644442147588	1	0.02113521911550683	7	4.0047638377646654E-5	2	2.8923854351959015E-5	6	2.2200174960467342E-5	8	1.733558761122027E-5	0	1.6478030506944177E-5	10	1.585611995845132E-5	12	1.2508203621060723E-5	13	7.089024711345261E-6	4	6.981016172221327E-6	
40	Tour_de_France__Alberto_Contador_wins_the_grand_tour$AAA$.html.txt	4	0.5023493561968604	9	0.49670991307739903	3	1.996043350716041E-4	7	1.2051589450887423E-4	11	9.633043949924748E-5	1	8.971828946007633E-5	2	8.70409422648101E-5	5	7.226753143676962E-5	6	6.680728382494583E-5	8	5.216821596574602E-5	0	4.95875578869925E-5	10	4.771603414446E-5	12	3.7641104673295226E-5	13	2.1333097003796215E-5	
41	154.html.txt	3	0.8521746027325836	5	0.14696517586898059	9	1.581941921261883E-4	7	1.2264022771587332E-4	11	9.802845578421144E-5	1	9.129975340184015E-5	2	8.857521261790456E-5	6	6.798489555887603E-5	8	5.308778490706748E-5	0	5.0461637578327905E-5	10	4.85571244940148E-5	12	3.8304604279977576E-5	13	2.1709135422280176E-5	4	2.137837454922925E-5	
42	73.html.txt	10	0.9848094019391629	3	0.0028351333408093444	9	0.002208032367260228	7	0.0017117796088797405	11	0.0013682550564904378	1	0.0012743376221633575	2	0.0012363092081236588	5	0.001026471132307189	6	9.489150509334908E-4	8	7.409851512592215E-4	0	7.043300868405132E-4	12	5.346454565020891E-4	13	3.0301032568498976E-4	4	2.983936535827856E-4	
43	Tanker_spills_1000s_of_tonnes_of_crude_oil_off_Nicobar_Islands$AAA$.html.txt	6	0.7605931989383032	7	0.13633234972271965	9	0.10231322149609341	3	1.962057248082641E-4	11	9.469024656337387E-5	1	8.819067985551068E-5	2	8.555891914338918E-5	5	7.103705127731245E-5	8	5.127996153911887E-5	0	4.874324364347548E-5	10	4.690358584111494E-5	12	3.700019953152952E-5	13	2.096986399886213E-5	4	2.0650366681760114E-5	
44	91.html.txt	7	0.8677761671344305	3	0.13161887354051222	9	1.1798593236201862E-4	11	7.311253718141029E-5	1	6.809407086794827E-5	2	6.606202733758552E-5	5	5.484935609808809E-5	6	5.070515662578845E-5	8	3.9594448538909066E-5	0	3.7635789773142224E-5	10	3.621534728452606E-5	12	2.8568712852152536E-5	13	1.619131871496203E-5	4	1.5944627420728804E-5	
45	Sweden_suspends_commercial_flights_to_Iraq_amid_allegations_of_attempted_shootdown$AAA$.html.txt	9	0.45281350408730475	13	0.3058959460729635	11	0.1428124528542916	3	0.06539557855924821	7	0.032712420510936716	1	6.337290472972686E-5	2	6.1481748871149E-5	5	5.104648575397669E-5	6	4.718961605898759E-5	8	3.6849246683288535E-5	0	3.502638760350612E-5	10	3.370442865234141E-5	12	2.658795831639104E-5	4	1.4839138585859713E-5	
46	72.html.txt	12	0.8602446699409058	10	0.10999261999333394	3	0.014747473533476671	9	0.014728786653178772	7	5.100904319519884E-5	11	4.077241072187187E-5	1	3.797378031435844E-5	2	3.684057776635907E-5	5	3.0587646946412786E-5	6	2.8276565844430073E-5	8	2.2080496456152123E-5	0	2.098821813097665E-5	13	9.029355596525732E-6	4	8.891784132618928E-6	
47	118.html.txt	1	0.7598244142087058	2	0.21875767253129919	7	0.021145453212469047	3	6.632886277892246E-5	9	5.165763239115031E-5	11	3.201077021041039E-5	5	2.4014624603826428E-5	6	2.2200174960467342E-5	8	1.733558761122027E-5	0	1.6478030506944177E-5	10	1.585611995845132E-5	12	1.2508203621060723E-5	13	7.089024711345261E-6	4	6.981016172221327E-6	
48	156.html.txt	2	0.8556270136357422	6	0.07067511942689017	10	0.03403580759266773	9	0.02100225100856042	1	0.01835598668666699	3	9.045201546194509E-5	7	5.461256915896316E-5	11	4.3652771368498496E-5	5	3.27485065320368E-5	8	2.364036971172496E-5	0	2.24709275532785E-5	12	1.705731381381181E-5	13	9.667233025506867E-6	4	9.519942846819154E-6	
49	150.html.txt	3	0.7297334341747683	6	0.16245034496241062	1	0.10748685234191792	9	6.727651092715068E-5	7	5.2156191761159584E-5	11	4.168934641720285E-5	2	3.766908999294837E-5	5	3.127553625255828E-5	8	2.2577067421979618E-5	0	2.1460224716924283E-5	10	2.0650277185946112E-5	12	1.6290105810878778E-5	13	9.232417870884937E-6	4	9.091752545622338E-6	
50	Australian_school_in_Westboro_s_sights$AAA$.html.txt	1	0.5217459545472812	9	0.39800846352736163	7	0.07524917065167075	12	0.0044498150322173	3	1.528345109954256E-4	11	7.375899731616788E-5	2	6.664614695292659E-5	5	5.533433341526911E-5	6	5.115349098332661E-5	8	3.9944542155200964E-5	0	3.7968564953246904E-5	10	3.6535562930000894E-5	13	1.6334482151520196E-5	4	1.608560961596419E-5	
51	58.html.txt	5	0.582596103433823	3	0.28723478719113626	11	0.06906994316531467	6	0.03868531863055627	4	0.02209768720220892	9	7.4334913361611E-5	7	5.7628226291870934E-5	1	4.290144390161034E-5	2	4.1621191444791484E-5	8	2.494576974405506E-5	0	2.371175203750763E-5	10	2.281682781041881E-5	12	1.7999203398261536E-5	13	1.0201048970770204E-5	
52	65.html.txt	12	0.8561136065279128	6	0.050791143576003846	1	0.03154016795134626	10	0.031527432306895545	3	0.029822766635536208	9	4.7135729284015225E-5	7	3.654202784090966E-5	11	2.9208675058619432E-5	2	2.6391975502496833E-5	5	2.1912480146440713E-5	8	1.581809941335585E-5	0	1.5035609437689315E-5	13	6.468479762129178E-6	4	6.369925859736625E-6	
53	143.html.txt	2	0.8585535334061124	11	0.14090409462593056	3	1.1593201264617251E-4	9	9.028909950714909E-5	7	6.999672728177746E-5	1	5.210919825236914E-5	5	4.197363932717073E-5	6	3.8802277868722916E-5	8	3.0299774155203287E-5	0	2.8800904479280788E-5	10	2.7713906473405534E-5	12	2.1862295833579644E-5	13	1.239045670395345E-5	4	1.2201675428366895E-5	
54	87.html.txt	13	0.997872089484172	3	3.875862611995389E-4	9	3.018563527561117E-4	7	2.3401448145430413E-4	11	1.8705182365817875E-4	1	1.742125308078838E-4	2	1.6901373094727927E-4	5	1.403271241862041E-4	6	1.2972456409485485E-4	8	1.0129882085156209E-4	0	9.628776928387118E-5	10	9.265369545549402E-5	12	7.309047182021078E-5	4	4.079288931250294E-5	
55	London_bomb_suspect_returned_from_Italy$AAA$.html.txt	9	0.48132874906707795	7	0.47606679663047125	11	0.04192969009174248	3	1.8081249220332457E-4	1	8.127171941268852E-5	2	7.88464323131072E-5	5	6.546387111170177E-5	6	6.051768104830988E-5	8	4.725681503452329E-5	0	4.491911420965554E-5	10	4.3223785939437354E-5	12	3.4097365384490306E-5	13	1.9324682674291337E-5	4	1.9030251376662564E-5	
56	137.html.txt	1	0.8068867173823125	10	0.12216528252766883	3	0.07044792283812705	9	9.964570828900821E-5	7	7.725044890222866E-5	11	6.174762030014127E-5	2	5.5793071032090514E-5	5	4.6323344047662454E-5	6	4.2823336178578844E-5	8	3.343972277022381E-5	0	3.178552606978615E-5	12	2.4127873298685236E-5	13	1.3674472788290148E-5	4	1.346612821491188E-5	
57	1.html.txt	3	0.9129028880536646	2	0.04593415077013471	11	0.04083872933185586	9	6.864882357492988E-5	7	5.322007870516802E-5	1	3.961978995232628E-5	5	3.191349760599318E-5	6	2.9502240494761512E-5	8	2.3037596583583963E-5	0	2.1897972415152995E-5	10	2.1071503497654016E-5	12	1.662239293352902E-5	13	9.42074160585861E-6	4	9.277206975956076E-6	
58	Wikinews_Shorts__March_5__2009$AAA$.html.txt	9	0.4629380684006189	3	0.24556861393936258	0	0.2209327713874599	7	0.06669462382803674	2	0.0035592499771237426	11	5.849995043638148E-5	1	5.448449642641144E-5	5	4.3886927425922205E-5	6	4.057100551876058E-5	8	3.16809314295138E-5	10	2.8977191913397243E-5	12	2.2858846790329656E-5	13	1.2955251983318794E-5	4	1.2757865474218137E-5	
59	US_swimmer_dies_in_open-water_race$AAA$.html.txt	9	0.5229313024462545	4	0.24847440941716403	3	0.16063983360924097	7	0.06739809158884798	11	8.635800831225593E-5	1	8.043036891796992E-5	2	7.803018915604323E-5	5	6.478616845271968E-5	6	5.989118291024701E-5	8	4.676759756754407E-5	0	4.4454097359566425E-5	10	4.277631966277237E-5	12	3.374437869438266E-5	13	1.9124627458949644E-5	
60	141.html.txt	6	0.45914739080307804	3	0.4096602782067021	7	0.12420397687184953	9	0.006370751191164354	11	1.0350172954490766E-4	1	9.639734002252841E-5	2	9.352067853585028E-5	5	7.764746566639586E-5	8	5.6051862815067496E-5	0	5.327908843654808E-5	10	5.1268239682577785E-5	12	4.04432851746451E-5	13	2.2921232872185168E-5	4	2.2572004455265963E-5	
61	NASA_to_launch_Discovery_despite_crack_in_insulation_foam$AAA$.html.txt	3	0.3879970377819572	2	0.2644935172731013	12	0.2350649197691541	9	0.11179583639544138	7	1.2264022771587332E-4	11	9.802845578421144E-5	1	9.129975340184015E-5	5	7.354139093426251E-5	6	6.798489555887603E-5	8	5.308778490706748E-5	0	5.0461637578327905E-5	10	4.85571244940148E-5	13	2.1709135422280176E-5	4	2.137837454922925E-5	
62	54.html.txt	8	0.8707077240877807	7	0.11202985831078068	3	0.00843542737048138	5	0.008343990800424583	9	1.1162665161443415E-4	11	6.9171871198637E-5	1	6.442389337113854E-5	2	6.250137421408191E-5	6	4.7972217877258194E-5	0	3.5607272063165426E-5	10	3.426338948631223E-5	12	2.7028898215043758E-5	13	1.5318628731327944E-5	4	1.5085233761212417E-5	
63	64.html.txt	12	0.973090980419388	11	0.014685123163924818	6	0.012012328420007932	3	4.60816735293255E-5	9	3.588890343380572E-5	7	2.782291328422471E-5	1	2.0712821307341043E-5	2	2.0094715296103088E-5	5	1.6684050420271878E-5	8	1.204382006973179E-5	0	1.14480362004422E-5	10	1.1015966696166021E-5	13	4.925067439771356E-6	4	4.8500290020571765E-6	
64	50.html.txt	10	0.7811364411092183	3	0.12005222909794924	5	0.04476485726400112	2	0.02849395891524203	7	0.024431480476675926	9	0.0010444776451834109	11	1.6968994629300143E-5	1	1.580423778726686E-5	6	1.176837193224362E-5	8	9.189641209410548E-6	0	8.735047902185259E-6	12	6.6306320864139825E-6	13	3.757910898834681E-6	4	3.700655284294155E-6	
65	132.html.txt	11	0.9842045057724293	3	0.0030884174558720398	9	0.002405292762784215	7	0.0018647059552976135	1	0.0013881839348833809	2	0.0013467581521701747	5	0.0011181736383733094	6	0.0010336888799050588	8	8.071830141991397E-4	0	7.672532729177169E-4	10	7.382957525640489E-4	12	5.824094185610182E-4	13	3.300805523622552E-4	4	3.2505143768068095E-4	
66	Iraqi_authorities_demand_that_U.S._sever_all_contracts_with_Blackwater$AAA$.html.txt	11	0.6004136191839363	9	0.38663421220981586	3	0.008366055222793989	2	0.004173939534478204	7	8.582700296994138E-5	1	6.389407743541265E-5	5	5.146628716925995E-5	6	4.757769894688146E-5	8	3.715229136268767E-5	0	3.531444126422392E-5	10	3.39816106491151E-5	12	2.680661514194624E-5	13	1.5192649794156754E-5	4	1.4961174241946834E-5	
67	9.html.txt	13	0.9979187575194385	3	3.790859557722622E-4	9	2.9523622337988034E-4	7	2.2888221861141849E-4	11	1.8294951717573855E-4	1	1.703918078634152E-4	2	1.653070249097404E-4	5	1.3724955530741449E-4	6	1.268795240957231E-4	8	9.907719691165167E-5	0	9.417604466986922E-5	10	9.062167113166973E-5	12	7.148749618229027E-5	4	3.989824455047189E-5	
68	135.html.txt	3	0.47165472661145763	9	0.46816870754437545	7	0.009515686638827812	11	0.007606052959163012	1	0.007083971220168554	2	0.006872573403828055	5	0.005706095333867355	6	0.0052749654363856814	8	0.004119094810354491	0	0.00391533136737088	10	0.003767559710000373	12	0.0029720640440835775	13	0.0016844173704315276	4	0.0016587535496856178	
69	Arsenal_defeats_Chelsea_1-0_to_win_Community_Shield_2015$AAA$.html.txt	0	0.5318690379380024	9	0.467345754471178	3	1.7182549706068644E-4	7	1.0374375621788017E-4	11	8.29241791922749E-5	1	7.723223885083465E-5	2	7.49274967596089E-5	5	6.22100943149217E-5	6	5.7509746701532015E-5	8	4.49079907802E-5	10	4.107541693268013E-5	12	3.240261048479794E-5	13	1.836418029300904E-5	4	1.8084383231153397E-5	
70	US_Congress_passes__787_billion_stimulus_package$AAA$.html.txt	2	0.6853784591148265	9	0.3141889458264172	3	9.871734469603407E-5	7	5.960295950143368E-5	11	4.764167670685274E-5	1	4.437153783755113E-5	5	3.574100135959404E-5	6	3.304055326848047E-5	8	2.580058071294028E-5	0	2.452427720474479E-5	10	2.359868681447538E-5	12	1.8615977971822123E-5	13	1.0550605975577716E-5	4	1.0389856706856636E-5	
71	New_research_shows_over_400_languages_originated_in_Turkey$AAA$.html.txt	9	0.5743460664832352	1	0.3709207722791907	12	0.05386883883036385	3	2.0676744893868785E-4	7	1.248407959437596E-4	11	9.978740804029545E-5	2	9.016454266315534E-5	5	7.486096487291687E-5	6	6.920476773238202E-5	8	5.404035401861548E-5	0	5.136708498698115E-5	10	4.9428398686742164E-5	13	2.209866856776509E-5	4	2.176197275899348E-5	
72	78.html.txt	5	0.7987250352983509	3	0.07048270178161244	0	0.06872043211356643	1	0.039532456130967716	10	0.022343540967607906	9	4.624514388488769E-5	7	3.5851600495370266E-5	11	2.865680453640204E-5	2	2.589332387678355E-5	6	1.987412581247864E-5	8	1.551923125976053E-5	12	1.1197642040917887E-5	13	6.346263903412045E-6	4	6.2495720845775725E-6	
73	22.2__of_secondary_school_students_in_Ireland_drop_out_before_the_Leaving_Cert$AAA$.html.txt	9	0.7694462369545443	1	0.17555115634591273	3	0.05421675502293468	7	1.4084672923144368E-4	11	1.1258122743218243E-4	2	1.0172460717468849E-4	5	8.445894605005837E-5	6	7.807756357720494E-5	8	6.096890886101214E-5	0	5.795289797598842E-5	10	5.576565123240404E-5	12	4.3991097601666596E-5	13	2.493195565287495E-5	4	2.4552091818677825E-5	
74	133.html.txt	11	0.8948668681322928	10	0.09007593339270067	3	0.0030884174558720398	9	0.002405292762784215	7	0.0018647059552976135	1	0.0013881839348833809	2	0.0013467581521701747	5	0.0011181736383733094	6	0.0010336888799050588	8	8.071830141991397E-4	0	7.672532729177169E-4	12	5.824094185610182E-4	13	3.300805523622552E-4	4	3.2505143768068095E-4	
75	134.html.txt	6	0.8963551456226656	3	0.06639154943841441	0	0.03703923071331385	9	4.1536396356500365E-5	7	3.220113860813909E-5	11	2.5738927194120537E-5	1	2.3972199570541527E-5	2	2.3256828137684325E-5	5	1.9309459604036806E-5	8	1.3939040655991016E-5	10	1.2749443843718991E-5	12	1.0057481910479445E-5	13	5.70007812130984E-6	4	5.613231603510334E-6	
76	US_Justice_Department_to_withdraw_Stevens_charges$AAA$.html.txt	5	0.5491993859143864	9	0.4501645497889842	3	1.4273782272078623E-4	7	8.618137666836607E-5	11	6.88862653755815E-5	1	6.415789161678574E-5	2	6.224331040699982E-5	6	4.7774143941520826E-5	8	3.730569057784795E-5	0	3.546025212474048E-5	10	3.412191834514839E-5	12	2.6917297782856187E-5	13	1.5255379183627712E-5	4	1.5022947885036197E-5	
77	Airborne_sedan_smashes_into_dental_office_in_Santa_Ana__California__US$AAA$.html.txt	8	0.49160800902717905	9	0.48113137175899395	7	0.026538294497524307	3	1.82723895092572E-4	11	8.818382183416773E-5	1	8.21308580562997E-5	2	7.967993279027918E-5	5	6.615590201542673E-5	6	6.115742484585801E-5	0	4.539396262104862E-5	10	4.36807127165759E-5	12	3.445781505208491E-5	13	1.9528967532308195E-5	4	1.923142374601166E-5	
78	161.html.txt	13	0.5126569098395564	3	0.2692797824037551	7	0.20370364834566299	6	0.007049664036341694	0	0.007042682786610193	9	6.302441946194091E-5	11	3.905444589029068E-5	1	3.637373710015473E-5	2	3.5288282578088904E-5	5	2.929882195901586E-5	8	2.1150124282814494E-5	10	1.9345113375182237E-5	12	1.5260518828271933E-5	4	8.517124597914092E-6	
79	113.html.txt	7	0.4654100663513699	13	0.45757879708297355	3	0.01576034689891558	9	0.012274327831833402	11	0.007606052959163012	1	0.007083971220168554	2	0.006872573403828055	5	0.005706095333867355	6	0.0052749654363856814	8	0.004119094810354491	0	0.00391533136737088	10	0.003767559710000373	12	0.0029720640440835775	4	0.0016587535496856178	
80	126.html.txt	3	0.5826096363892453	4	0.2680719359436595	7	0.07413452075431293	5	0.07405728595606237	9	2.4884696490104155E-4	11	1.5420340891136066E-4	1	1.4361884102634086E-4	2	1.3933300919067746E-4	6	1.0694346417879606E-4	8	8.35096027855759E-5	0	7.937854852020483E-5	10	7.638265913718884E-5	12	6.0254958723164716E-5	13	3.414949934540482E-5	
81	2.html.txt	7	0.6300441625410285	3	0.33974794170256384	9	0.029661007379299238	11	8.210797017908183E-5	1	7.647205466724487E-5	2	7.418999777213763E-5	5	6.159777062132569E-5	6	5.6943687753931185E-5	8	4.446596883682687E-5	0	4.226632563293226E-5	10	4.067111838130851E-5	12	3.208367693626858E-5	13	1.8183424696498376E-5	4	1.7906381630955703E-5	
82	David_Blunkett_is_not_the_father_of_Kimberly_Quinn_s_son$AAA$.html.txt	9	0.6438210772458179	1	0.35493274794847635	3	2.8524775848644864E-4	7	1.7222516113346762E-4	11	1.3766255092264202E-4	2	1.2438724674330762E-4	5	1.0327506838111798E-4	6	9.547201444696874E-5	8	7.455182104701183E-5	0	7.086389046113394E-5	10	6.818935960828418E-5	12	5.379162096434203E-5	13	3.0486402510866772E-5	4	3.002191100005666E-5	
83	One_dead_after_car_and_truck_crash_in_North_Lincolnshire__England$AAA$.html.txt	9	0.6936993012725183	7	0.2844849127413028	8	0.013932911868440288	1	0.0070428881363027475	3	2.397484892647191E-4	11	1.1570428734358953E-4	2	1.0454649897598617E-4	5	8.680187972190455E-5	6	8.024347448748699E-5	0	5.956054053369371E-5	10	5.7312618464595064E-5	12	4.521143278997605E-5	13	2.5623580651006875E-5	4	2.5233179202862622E-5	
84	Yahoo_releases_mobile_phone_search_engine$AAA$.html.txt	6	0.4313011906832541	3	0.2895002984057293	9	0.18028437324928015	10	0.09284316848940988	2	0.005540998873529409	7	1.1393728223576254E-4	11	9.107204089426241E-5	1	8.482082890045543E-5	5	6.832265701837986E-5	8	4.9320504738798055E-5	0	4.688071728112549E-5	12	3.558638621324191E-5	13	2.016858526578375E-5	4	1.986129624938809E-5	
85	45.html.txt	2	0.3407794347216354	10	0.31312293910695743	3	0.1705141810781453	11	0.0875564169051975	7	0.041533807237212485	0	0.03687305831802093	8	0.009249978858057568	9	1.239614579308338E-4	1	7.15427689746653E-5	5	5.762726125369191E-5	6	5.327317430232388E-5	12	3.0015606313928758E-5	13	1.701134562018007E-5	4	1.675216037767027E-5	
86	88.html.txt	11	0.7993101243674571	3	0.15002770616320432	2	0.050026975895156416	9	1.344879979264693E-4	7	1.042619736481694E-4	1	7.761802681352136E-5	5	6.252084415075974E-5	6	5.779701751414517E-5	8	4.5132313712297155E-5	0	4.289970775025019E-5	10	4.1280595516788915E-5	12	3.256446694876507E-5	13	1.8455912447962292E-5	4	1.817471775294121E-5	
87	13.html.txt	1	0.4759962272899353	3	0.40909673712172206	5	0.1073271776819186	8	0.006763265554688184	9	1.8046110218420875E-4	7	1.399026751125905E-4	11	1.1182662864211575E-4	2	1.0104277711078847E-4	6	7.755423267781317E-5	0	5.7564456779432075E-5	10	5.5391870506193705E-5	12	4.369623823851105E-5	13	2.4764844101519827E-5	4	2.438752638265839E-5	
88	36.html.txt	11	0.8610674917326834	3	0.13442118950854962	1	0.004010919165534528	9	1.0633615296605899E-4	7	8.243722376220234E-5	2	5.953914762196551E-5	5	4.943360113678851E-5	6	4.5698594596719194E-5	8	3.568494355345323E-5	0	3.391968023811291E-5	10	3.263949041611342E-5	12	2.574787484467807E-5	13	1.459260870451589E-5	4	1.4370275391774075E-5	
89	Cassini_photographs_possible_lakes_on_Saturn_s_moon__Titan$AAA$.html.txt	9	0.5803271605849858	12	0.4187155790371524	3	2.0676744893868785E-4	7	1.248407959437596E-4	11	9.978740804029545E-5	1	9.293797065152924E-5	2	9.016454266315534E-5	5	7.486096487291687E-5	6	6.920476773238202E-5	8	5.404035401861548E-5	0	5.136708498698115E-5	10	4.9428398686742164E-5	13	2.209866856776509E-5	4	2.176197275899348E-5	
90	84.html.txt	3	0.9911589766629585	9	0.004205368536038123	2	0.004156846779361797	7	8.547553167237651E-5	11	6.832207125862201E-5	1	6.363242395194196E-5	5	5.125552689444806E-5	6	4.738286288124525E-5	8	3.7000148521846255E-5	0	3.516982462768283E-5	10	3.3842452104893635E-5	12	2.6696839016936242E-5	13	1.5130434172594496E-5	4	1.4899906538986815E-5	
91	Judge_shot_at_courthouse_in_Nevada$AAA$.html.txt	7	0.6885583528833059	9	0.30939519134216503	3	4.8558051110411795E-4	11	2.343445297926464E-4	1	2.182590515170065E-4	2	2.117458281493167E-4	5	1.7580632624392177E-4	6	1.6252309857678067E-4	8	1.269104148612286E-4	0	1.2063240858237412E-4	10	1.1607952422183946E-4	12	9.157008959362284E-5	13	5.189735054011242E-5	4	5.1106641346043806E-5	
92	14.html.txt	3	0.5608640423341356	6	0.27963762252800217	11	0.1413338631975602	9	0.003742775730815945	7	0.0029015911503916954	1	0.0021600951126531185	2	0.0020956341802593546	5	0.0017399433537967372	8	0.001256023816566247	0	0.0011938908118367614	10	0.001148831222384182	12	9.062630008771046E-4	13	5.136245781431317E-4	4	5.057989825778344E-4	
93	Interview_with_Stephanie_Beaumier__City_Council_candidate_for_Wards_1___5_in_Brampton__Canada$AAA$.html.txt	9	0.6450096380522525	1	0.19081190149854824	3	0.16364957059549595	7	9.479194132323825E-5	11	7.576883867365752E-5	2	6.846217194427992E-5	5	5.68421254926263E-5	6	5.254736028062151E-5	8	4.1032981474479966E-5	0	3.900316134018613E-5	10	3.753111178597463E-5	12	2.960666225872915E-5	13	1.677957656678966E-5	4	1.652392256276331E-5	
94	British_pathologist_criticised_by_General_Medical_Council$AAA$.html.txt	3	0.44955277716555986	9	0.4058881576902318	7	0.14407421647761937	11	7.27935379942364E-5	1	6.779696787992943E-5	2	6.577379041083984E-5	5	5.4610041464964546E-5	6	5.048392365573002E-5	8	3.942169298442502E-5	0	3.7471580092981755E-5	10	3.605733517343876E-5	12	2.8444063967983353E-5	13	1.6120673956778757E-5	4	1.587505900766194E-5	
95	155.html.txt	11	0.8416263563500241	3	0.12002161357542376	7	0.038120945765363484	9	5.126419543259236E-5	1	2.9586474310042655E-5	2	2.8703563317328533E-5	5	2.3831723444255303E-5	6	2.2031093085987225E-5	8	1.7203555604547397E-5	0	1.6352529861529624E-5	10	1.5735355933423107E-5	12	1.2412938132460113E-5	13	7.035032993326617E-6	4	6.927847073226517E-6	
96	29.html.txt	7	0.7073666984845404	3	0.29148475528878603	9	2.2400232842452008E-4	11	1.3880789207487178E-4	1	1.292800770478543E-4	2	1.2542213845171223E-4	5	1.0413430849415865E-4	6	9.626633379017076E-5	8	7.517208609401647E-5	0	7.145347222762211E-5	10	6.875668949706017E-5	12	5.42391628464493E-5	13	3.0740046883610947E-5	4	3.0271690841462235E-5	
97	Union_Coal_Minister_Shibu_Soren_convicted_in_the_murder_case_by_Delhi_court$AAA$.html.txt	9	0.4297188854557841	4	0.2697572149819891	7	0.2648481348255837	2	0.035041473658254406	3	1.7268379418420633E-4	11	8.333839934986793E-5	1	7.761802681352136E-5	5	6.252084415075974E-5	6	5.779701751414517E-5	8	4.5132313712297155E-5	0	4.289970775025019E-5	10	4.1280595516788915E-5	12	3.256446694876507E-5	13	1.8455912447962292E-5	
98	21.html.txt	11	0.6211396845027191	3	0.37587948056234916	9	0.0026799088375549117	7	5.447004959506123E-5	1	4.05503331854253E-5	2	3.93402418932878E-5	5	3.266304446824339E-5	6	3.019515457347556E-5	8	2.3578676675969978E-5	0	2.2412286349528438E-5	10	2.1566406297859624E-5	12	1.701280023454754E-5	13	9.6420049533588E-6	4	9.495099150142831E-6	
99	AFC_Asian_Cup__2007_tournament_commences__Thailand_and_Iraq_draw_1-1$AAA$.html.txt	0	0.47783209515721853	9	0.42405681026609193	3	0.050588490835415854	11	0.04043387284168446	7	0.0067998547508477105	1	5.2284535868819624E-5	2	5.0724275900572324E-5	5	4.2114872700935873E-5	6	3.893284020977835E-5	8	3.04017271761197E-5	10	2.7807158537658082E-5	12	2.193585833252715E-5	13	1.2432148252049863E-5	4	1.2242731763103633E-5	
100	103.html.txt	6	0.8360056962573084	3	0.1635312214793746	9	8.461399286938543E-5	7	6.559709439378865E-5	11	5.2432892429487645E-5	1	4.883388308691944E-5	2	4.737659649905038E-5	5	3.9335393066470535E-5	8	2.8395286787740743E-5	0	2.6990628321071662E-5	10	2.597195339773961E-5	12	2.0488144791215148E-5	13	1.1611656566734652E-5	4	1.1434741107464959E-5	
101	112.html.txt	2	0.6021952636025029	8	0.16160122713201652	5	0.1395993023854188	4	0.06610916884362399	9	0.029567665872752794	3	2.538313056078154E-4	7	1.5325672580561686E-4	11	1.2250075239647026E-4	1	1.1409226429066087E-4	6	8.495697285990619E-5	0	6.305912422114049E-5	10	6.067915930268E-5	12	4.7867150482054844E-5	13	2.712870871862198E-5	
102	Ten_April_Fool_s_pranks_of_2009$AAA$.html.txt	10	0.468306426328914	9	0.30470520416461283	3	0.19394721215262173	8	0.03275238770501389	7	5.2550127157932204E-5	11	4.2004225795230643E-5	1	3.9121043234442495E-5	2	3.795360439883883E-5	5	3.15117601862256E-5	6	2.913085675863657E-5	0	2.16223136627086E-5	12	1.6413144880246865E-5	13	9.302150266489905E-6	4	9.160422496887555E-6	
103	Earthquake_hits_Chile$AAA$.html.txt	9	0.7059423343789553	6	0.2928939727788967	3	2.595485063047171E-4	7	1.5670862255839373E-4	11	1.2525991319145186E-4	1	1.1666203546743398E-4	2	1.131806408116456E-4	5	9.397055345523465E-5	8	6.78351125271603E-5	0	6.447944417765577E-5	10	6.204587382602053E-5	12	4.894529214562699E-5	13	2.7739745533095077E-5	4	2.731710214945666E-5	
104	67.html.txt	10	0.9146463175599283	12	0.0842783862983109	3	2.0801158580765783E-4	9	1.6200166236178561E-4	7	1.2559197335481934E-4	11	1.0038783714090643E-4	1	9.349718611996162E-5	2	9.070707018562969E-5	5	7.531140950007228E-5	6	6.962117855278098E-5	8	5.436551930547205E-5	0	5.16761649926196E-5	13	2.2231638087200703E-5	4	2.1892916351855686E-5	
105	130.html.txt	10	0.9988649889596877	3	2.1183548071568832E-4	9	1.6497975288204403E-4	7	1.2790074142432996E-4	11	1.0223327540234182E-4	1	9.521595294985297E-5	2	9.237454607385217E-5	5	7.669586563113708E-5	6	7.090103067796611E-5	8	5.536492533200393E-5	0	5.2626132387053774E-5	12	3.994763691017343E-5	13	2.2640324206047134E-5	4	2.2295375719850735E-5	
106	Female_suicide_bomber_kills_40_Shi_ite_pilgrims_at_Baghdad_shrine$AAA$.html.txt	9	0.5028452174778246	11	0.49616344954453906	3	2.2864854429300392E-4	7	1.3805203095282589E-4	1	1.0277309996371489E-4	2	9.970617489645632E-5	5	8.278310116230023E-5	6	7.652833887231793E-5	8	5.975915620596052E-5	0	5.680298938316431E-5	10	5.46591422608744E-5	12	4.3118220784343684E-5	13	2.443725269508621E-5	4	2.4064926166223282E-5	
107	New_Zealand_girls_planned__undie_run__defended_by_politician$AAA$.html.txt	1	0.7849027820018558	9	0.10123414151820496	3	0.07749747110437394	7	0.035797298396151714	11	9.919411868211748E-5	2	8.962846637159125E-5	5	7.441587651282938E-5	6	6.879330848078767E-5	8	5.371905529384584E-5	0	5.1061680272279145E-5	10	4.913452049601113E-5	12	3.876008688113607E-5	13	2.1967280197742868E-5	4	2.1632586225116822E-5	
108	Former_Salt_Lake_City_mayor_Rocky_Anderson_announces_presidential_bid$AAA$.html.txt	2	0.42882466694875593	9	0.40860764161049107	1	0.16210868962523767	3	1.1671482534366062E-4	7	7.04693691832514E-5	11	5.632738596283224E-5	5	4.2257059730863524E-5	6	3.906428415252481E-5	8	3.050436861878865E-5	0	2.8995378060916377E-5	10	2.7901040271820583E-5	12	2.2009917550688968E-5	13	1.2474121315773262E-5	4	1.2284065324288965E-5	
109	104.html.txt	6	0.6786804356429353	3	0.21223351414391736	2	0.08961196160171947	9	0.009552242233120388	12	0.00945608269786534	7	9.836573394396237E-5	11	7.862543294478224E-5	1	7.322855982525546E-5	5	5.898515543584809E-5	8	4.2579983934317296E-5	0	4.047363665946623E-5	10	3.894608871835872E-5	13	1.7412190753989212E-5	4	1.7146898226051506E-5	
110	8.html.txt	4	0.9994871545161378	3	9.338406103632515E-5	9	7.272851205493856E-5	7	5.638286184829999E-5	11	4.5067796942519884E-5	1	4.19743299463357E-5	2	4.072174415550863E-5	5	3.3810065118149374E-5	6	3.125551089930896E-5	8	2.4406683663227057E-5	0	2.319933347489696E-5	10	2.232374884723398E-5	12	1.761023484296942E-5	13	9.980601032446009E-6	
111	44.html.txt	11	0.5580716158925214	3	0.381579615562444	7	0.047355551161565125	0	0.012637674990321502	9	8.488075115856307E-5	1	4.898783921952124E-5	2	4.7525958317356896E-5	5	3.945940378624284E-5	6	3.647800797813588E-5	8	2.848480718344998E-5	10	2.605383387187912E-5	12	2.0552736737152092E-5	13	1.1648264053690643E-5	4	1.147079084193057E-5	
112	110.html.txt	6	0.6893850164910016	7	0.176275953566501	3	0.13248434861785388	9	3.948121958951787E-4	11	2.446539241940405E-4	1	2.278608060181846E-4	2	2.2106104987509227E-4	5	1.8354048055557758E-4	8	1.3249351731984638E-4	0	1.2593932604601716E-4	10	1.2118614906257289E-4	12	9.559848389762878E-5	13	5.4180443111459525E-5	4	5.335494866788808E-5	
113	31.html.txt	7	0.8400730135627057	3	0.15141542916890413	9	0.008069172563119918	11	6.641814254685325E-5	1	6.185918147363734E-5	2	6.001319770581699E-5	5	4.982719096297759E-5	6	4.606244633907228E-5	8	3.5969066708711655E-5	0	3.4189748384925965E-5	10	3.289936570466928E-5	12	2.595287916060506E-5	13	1.4708794905633682E-5	4	1.448469137733189E-5	
114	149.html.txt	3	0.7918113318831387	7	0.10542311504544506	6	0.060240706569401385	1	0.03918059503015229	2	0.00305567373707467	9	8.104801119311222E-5	11	5.02231546863914E-5	5	3.767763781645456E-5	8	2.7198592612890586E-5	0	2.5853132231357328E-5	10	2.4877388459097282E-5	12	1.9624690102117975E-5	13	1.1122293600350698E-5	4	1.0952834086186667E-5	
115	27.html.txt	6	0.5778639567427727	3	0.17708413039335538	5	0.137983900232863	1	0.10675750536066093	9	7.00782871190836E-5	7	5.432827194671705E-5	11	4.342552768818824E-5	2	3.923784494262618E-5	8	2.3517304796284927E-5	0	2.2353950414895094E-5	10	2.1510272066463165E-5	12	1.6968518380080087E-5	13	9.616908211245056E-6	4	9.470384782553489E-6	
116	Toxic_air_from_Ukraine_train_derailment_continues_to_make_people_sick$AAA$.html.txt	9	0.5150889628376065	7	0.4223667453982192	3	0.05682255436044135	1	0.005229519388090497	11	8.591330747248508E-5	2	7.76283724476298E-5	5	6.445255187124079E-5	6	5.958277307246157E-5	8	4.65267676744188E-5	0	4.4225180843155186E-5	10	4.2556042867972305E-5	12	3.357061190846192E-5	13	1.902614512873485E-5	4	1.873626235583016E-5	
117	30.html.txt	1	0.6158127430837077	3	0.2659364107647147	7	0.09092013597323008	6	0.02695742283137214	9	9.059290528482337E-5	11	5.613785494092364E-5	2	5.0724275900572324E-5	5	4.2114872700935873E-5	8	3.04017271761197E-5	0	2.889781408665103E-5	10	2.7807158537658082E-5	12	2.193585833252715E-5	13	1.2432148252049863E-5	4	1.2242731763103633E-5	
118	124.html.txt	13	0.999480287104377	3	9.466261697256826E-5	9	7.37242651822929E-5	7	5.7154820594991E-5	11	4.5684836924234144E-5	1	4.2549016120048346E-5	2	4.127928071095941E-5	5	3.4272971303443254E-5	6	3.1683441732013674E-5	8	2.474084465317895E-5	0	2.3516964184057004E-5	10	2.2629391601373026E-5	12	1.7851343122554257E-5	4	9.96310252133992E-6	
119	55.html.txt	11	0.5502417044990264	7	0.24774766610460752	3	0.19736048857009225	1	0.002226113797804507	5	0.002219488631604019	9	5.901798753694101E-5	2	3.304502348730664E-5	6	2.536333138952046E-5	8	1.980562109075329E-5	0	1.8825876333789708E-5	10	1.81153538552889E-5	12	1.4290415012201525E-5	13	8.099093061317228E-6	4	7.975695098212136E-6	
120	101.html.txt	0	0.9288508887824539	3	0.04152813383245362	5	0.029284999746811993	9	6.563639443378868E-5	7	5.0884689580687456E-5	11	4.067301272637909E-5	1	3.788120502686126E-5	2	3.6750765083764665E-5	6	2.820763114288572E-5	8	2.202666699038424E-5	10	2.014684947041191E-5	12	1.589297357481551E-5	13	9.007343166281944E-6	4	8.87010708425488E-6	
121	56.html.txt	11	0.9219461256631858	3	0.07706055723235729	9	1.8802266527743027E-4	7	1.4576478551738272E-4	1	1.0851487493354248E-4	2	1.0527660548150094E-4	5	8.740806565540414E-5	6	8.080385941976367E-5	8	6.3097808318649E-5	0	5.9976485003776964E-5	10	5.771286444125563E-5	12	4.552716943851927E-5	13	2.5802524404371392E-5	4	2.5409396565196886E-5	
122	Slovak_escapes_from_avalanche_using_urine$AAA$.html.txt	9	0.7339110122338807	3	0.12931665730784145	8	0.09517428485411282	7	0.04090447578330169	11	1.1334607937661621E-4	1	1.0556597075170078E-4	2	1.0241570164371257E-4	5	8.503274143837148E-5	6	7.86080052652266E-5	0	5.8346617139595944E-5	10	5.614451072568336E-5	12	4.428996338334125E-5	13	2.5101337842024778E-5	4	2.4718893297003726E-5	
123	New_Zealand_repeals_sedition_law$AAA$.html.txt	9	0.692972258382524	2	0.3062141150337296	3	1.8566799203037E-4	7	1.121014938537264E-4	11	8.960466347994025E-5	1	8.345417270860485E-5	5	6.722182384487441E-5	6	6.214280985596345E-5	8	4.852583939468101E-5	0	4.612536245400116E-5	10	4.43845082025716E-5	12	3.5013008710400136E-5	13	1.9843623551878578E-5	4	1.954128565942722E-5	
124	Israeli_forensic_institute_illegally_harvested_organs_in_the__90s$AAA$.html.txt	3	0.5663094983439249	9	0.4092749181191748	7	0.02388690799136082	11	7.937355728250828E-5	1	7.392533268576707E-5	2	7.171927433003531E-5	5	5.9546401697946284E-5	6	5.5047312117885136E-5	8	4.2985134292009034E-5	0	4.085874503327311E-5	10	3.9316662408552625E-5	12	3.101520551025855E-5	13	1.7577868489402588E-5	4	1.7310051691780964E-5	
125	Felipe_Massa_wins_2008_Bahrain_Grand_Prix$AAA$.html.txt	8	0.7448353879696399	9	0.2492566981194977	6	0.005508232317651033	3	9.466261697256826E-5	7	5.7154820594991E-5	11	4.5684836924234144E-5	1	4.2549016120048346E-5	2	4.127928071095941E-5	5	3.4272971303443254E-5	0	2.3516964184057004E-5	10	2.2629391601373026E-5	12	1.7851343122554257E-5	13	1.0117249155859105E-5	4	9.96310252133992E-6	
126	Speaker_Pelosi_won_t_support_U.S._draft_bill$AAA$.html.txt	2	0.7605224695118926	9	0.15382430827959445	3	0.061712533702155584	11	0.0231707729243025	7	1.6031960084768944E-4	1	1.1935023520003629E-4	5	9.613588183870323E-5	6	8.887223648118001E-5	8	6.939821170184822E-5	0	6.596521993925824E-5	10	6.34755737344774E-5	12	5.0073120240952354E-5	13	2.8378942133992188E-5	4	2.7946559936640036E-5	
127	39.html.txt	7	0.910558601390014	5	0.08744495619972888	3	4.31084509351337E-4	9	3.3573325669420637E-4	11	2.0804438056034667E-4	1	1.937641523560294E-4	2	1.8798189867090534E-4	6	1.4428336518062601E-4	8	1.1266744169289089E-4	0	1.0709400702132454E-4	10	1.0305208631855231E-4	12	8.12933102565576E-5	13	4.607298559686569E-5	4	4.537101655739662E-5	
128	National_Guard_mobilized_in_Kentucky_ice_storm_aftermath$AAA$.html.txt	3	0.5093980896615607	9	0.48511193718822937	5	0.004910515183905904	7	1.0122806680507982E-4	11	8.091334512124854E-5	1	7.535942902895134E-5	2	7.311057478572249E-5	6	5.611518893551062E-5	8	4.3819013852098235E-5	0	4.165137422695406E-5	10	4.007937634892792E-5	12	3.1616877375496356E-5	13	1.7918866033894934E-5	4	1.764585379005537E-5	
129	37.html.txt	11	0.7257908897394926	3	0.20228899450328042	7	0.048796887852554344	1	0.02297144026943075	9	3.8617144457073365E-5	2	2.1622296842940525E-5	5	1.7952356398881846E-5	6	1.6595947660341075E-5	8	1.2959380057562049E-5	0	1.2318305253256987E-5	10	1.1853390227560982E-5	12	9.350624172542221E-6	13	5.29946648086569E-6	4	5.2187236909839565E-6	
130	54_killed__20_injured_in_Tanzanian_bus_crash$AAA$.html.txt	7	0.8056023632324661	9	0.192646365978523	3	4.155393805200877E-4	11	2.0054219333655977E-4	1	1.8677691749624599E-4	2	1.812031748490283E-4	5	1.504476605389284E-4	6	1.3908043292190493E-4	8	1.0860459587447195E-4	0	1.0323214211992445E-4	10	9.933597515380314E-5	12	7.836183173287218E-5	13	4.441157007112279E-5	4	4.3734914395779274E-5	
131	26.html.txt	8	0.9285243636161199	0	0.0711776543066032	3	5.857430159643021E-5	9	4.56182966610168E-5	7	3.536563647074119E-5	11	2.8268365083962052E-5	1	2.6328016090758465E-5	2	2.5542343063979646E-5	5	2.1207055350217386E-5	6	1.9604734487339222E-5	10	1.4002368104683371E-5	12	1.1045859383592367E-5	13	6.2602410786218754E-6	4	6.164859905470727E-6	
132	85.html.txt	3	0.9641661916228107	11	0.035622835495694186	9	3.993456198631662E-5	7	3.095931468728526E-5	1	2.304772136421326E-5	2	2.235993794209159E-5	5	1.8564798083621105E-5	6	1.716211568414306E-5	8	1.3401487175941448E-5	0	1.2738542210167394E-5	10	1.2257766684865018E-5	12	9.669619177674365E-6	13	5.4802569079075E-6	4	5.396759591034045E-6	
133	Wikinews_interviews_Dr._Phil_Klotzbach_on_upcoming_hurricane_season$AAA$.html.txt	7	0.5371890924570555	9	0.28965158594805424	3	0.14020430366331377	12	0.028039938626170855	5	0.004700016022142233	11	3.896323841807324E-5	1	3.628879013597742E-5	2	3.520587057660042E-5	6	2.7021864960510088E-5	8	2.1100730434586833E-5	0	2.0056919189452986E-5	10	1.9299934936454244E-5	13	8.62870084550262E-6	4	8.497233766347336E-6	
134	82.html.txt	3	0.7565799581912563	7	0.1425377554296144	5	0.09495916985104134	9	0.0012703722264433338	11	7.872136514977328E-4	1	7.33179072151425E-4	2	7.112997547428378E-4	6	5.459500249336231E-4	8	4.263193648445678E-4	0	4.0523019220087237E-4	10	3.8993607492203214E-4	12	3.0760361532975865E-4	13	1.743343565897979E-4	4	1.7167819443194275E-4	
135	97.html.txt	0	0.9525532547450051	8	0.04696118412012217	3	9.544669470546737E-5	9	7.4334913361611E-5	7	5.7628226291870934E-5	11	4.6063238288035445E-5	1	4.290144390161034E-5	2	4.1621191444791484E-5	5	3.4556849718162205E-5	6	3.194587142134793E-5	10	2.281682781041881E-5	12	1.7999203398261536E-5	13	1.0201048970770204E-5	4	1.0045625560395955E-5	
136	Hawaiian_Representative_Neil_Abercrombie_resigns$AAA$.html.txt	9	0.7638171488562909	1	0.2350739268190229	3	2.538313056078154E-4	7	1.5325672580561686E-4	11	1.2250075239647026E-4	2	1.1068755600165472E-4	5	9.190061854652917E-5	6	8.495697285990619E-5	8	6.634087563812438E-5	0	6.305912422114049E-5	10	6.067915930268E-5	12	4.7867150482054844E-5	13	2.712870871862198E-5	4	2.671537510556125E-5	
137	71.html.txt	10	0.9152069193134399	12	0.08427387499538941	3	1.0043819091913214E-4	9	7.822234434843097E-5	7	6.0641961594321514E-5	11	4.847216905523881E-5	1	4.5145024943954944E-5	2	4.379782019182124E-5	5	3.636404047585859E-5	6	3.3616518023977173E-5	8	2.6250337865650487E-5	0	2.495178576397461E-5	13	1.0734524723598884E-5	4	1.0570973264717644E-5	
138	Brazilian_President_party_received_money_from_FARC__say_documents$AAA$.html.txt	4	0.5520407204454971	3	0.12177732061253542	9	0.11760147527201012	2	0.08673752463375148	5	0.05087795818468508	11	0.05004753968355661	1	0.020860302212671836	7	1.7405505115005646E-5	6	9.64864033141375E-6	8	7.534393314117166E-6	0	7.161681834250769E-6	10	6.891387063538137E-6	12	5.436315621233346E-6	13	3.081032012678999E-6	
139	74.html.txt	12	0.7795711607316348	5	0.10406090719001759	10	0.08294451753948892	1	0.033196252584527824	3	5.21268257426081E-5	9	4.059693305619109E-5	7	3.147281861400979E-5	11	2.5156768422313065E-5	2	2.2730809069264704E-5	6	1.7446773593522664E-5	8	1.3623769754167269E-5	0	1.2949828910526865E-5	13	5.571154702968364E-6	4	5.486272465255461E-6	
140	77.html.txt	1	0.4629783509327106	0	0.4598097110799129	3	0.01576034689891558	9	0.012274327831833402	7	0.009515686638827812	11	0.007606052959163012	2	0.006872573403828055	5	0.005706095333867355	6	0.0052749654363856814	8	0.004119094810354491	10	0.003767559710000373	12	0.0029720640440835775	13	0.0016844173704315276	4	0.0016587535496856178	
141	120.html.txt	1	0.659682918350872	2	0.17620352624685476	3	0.15574376397492184	0	0.00820628470483931	9	3.6771184238227726E-5	7	2.8506902483255148E-5	11	2.278606034635497E-5	5	1.709420553835635E-5	6	1.5802635270060944E-5	8	1.233990131609909E-5	10	1.128677953880708E-5	12	8.903649636062019E-6	13	5.046143651269673E-6	4	4.9692604936879396E-6	
142	62.html.txt	12	0.8804583150867313	5	0.11913426382095721	3	8.073493007095273E-5	9	6.287723268573512E-5	7	4.87456462913087E-5	11	3.896323841807324E-5	1	3.628879013597742E-5	2	3.520587057660042E-5	6	2.7021864960510088E-5	8	2.1100730434586833E-5	0	2.0056919189452986E-5	10	1.9299934936454244E-5	13	8.62870084550262E-6	4	8.497233766347336E-6	
143	First_computer_game_in_Piedmontese_language$AAA$.html.txt	9	0.6767482532280163	5	0.21271843397179152	0	0.0644910312198302	10	0.045158234942889806	3	2.227552933962827E-4	7	1.3449383967842896E-4	11	1.0750325290254873E-4	1	1.0012419762588132E-4	2	9.713632033458251E-5	6	7.455587627441075E-5	8	5.821890716572705E-5	12	4.200687982178444E-5	13	2.3807400177091735E-5	4	2.3444670095286362E-5	
144	61.html.txt	12	0.9277859613120627	3	0.054835547967167476	1	0.015432453065663052	0	0.0017264626508233195	9	4.608682255938395E-5	7	3.572886170735857E-5	11	2.855869729966821E-5	2	2.580467748035165E-5	5	2.142486389167863E-5	6	1.980608628059413E-5	8	1.546610081064872E-5	10	1.4146180403162294E-5	13	6.324537321358679E-6	4	6.2281765292145185E-6	
145	79.html.txt	13	0.6274309383458679	10	0.31572478459137954	3	0.010825199354109305	9	0.00843078179493824	7	0.006535973193815495	11	0.005224316451214533	1	0.004865717815029442	2	0.0047205164739938105	5	0.0039193058324697915	6	0.0036231786521678812	8	0.0028292538715396255	0	0.002689296299188915	12	0.0020414008636192374	4	0.0011393364606662806	
146	17.html.txt	4	0.6225915029099987	3	0.1571997019582169	0	0.14991485022964568	8	0.050785016657966454	12	0.01935039307942821	9	3.254815475036769E-5	7	2.52329940604423E-5	11	2.0169168702849582E-5	1	1.8784750959903045E-5	2	1.8224181865252045E-5	5	1.5131001590603962E-5	6	1.3987763214295443E-5	10	9.990536194927904E-6	13	4.466613405487287E-6	
147	Sri_Lankan_president_declares_victory_over_rebels$AAA$.html.txt	9	0.5279816146851483	11	0.4711677120424507	3	1.962057248082641E-4	7	1.1846390222210086E-4	1	8.819067985551068E-5	2	8.555891914338918E-5	5	7.103705127731245E-5	6	6.566977385858223E-5	8	5.127996153911887E-5	0	4.874324364347548E-5	10	4.690358584111494E-5	12	3.700019953152952E-5	13	2.096986399886213E-5	4	2.0650366681760114E-5	
148	Liverpool_beats_Milan_on_penalties_in_Champions_League_final$AAA$.html.txt	0	0.6724644220727132	9	0.32704828049350315	3	1.0663437892759865E-4	7	6.438305840024822E-5	11	5.146249245608792E-5	1	4.793009165652524E-5	2	4.649977575061896E-5	5	3.860739461708681E-5	6	3.5690373237421566E-5	8	2.7869761983238358E-5	10	2.5491278353535273E-5	12	2.0108961148292115E-5	13	1.1396754227737442E-5	4	1.12231130253133E-5	
149	11.html.txt	4	0.9990563707638965	3	1.7182549706068644E-4	9	1.3381954688673184E-4	7	1.0374375621788017E-4	11	8.29241791922749E-5	1	7.723223885083465E-5	2	7.49274967596089E-5	5	6.22100943149217E-5	6	5.7509746701532015E-5	8	4.49079907802E-5	0	4.2686481628274864E-5	10	4.107541693268013E-5	12	3.240261048479794E-5	13	1.836418029300904E-5	
150	Amtrak_train_smashes_freighter_in_Chicago$AAA$.html.txt	9	0.7845099900359288	7	0.13493719938382298	8	0.07971540503220394	3	2.1183548071568832E-4	11	1.0223327540234182E-4	1	9.521595294985297E-5	2	9.237454607385217E-5	5	7.669586563113708E-5	6	7.090103067796611E-5	0	5.2626132387053774E-5	10	5.063992737037427E-5	12	3.994763691017343E-5	13	2.2640324206047134E-5	4	2.2295375719850735E-5	
151	Australia_stingray_deaths_possible_revenge_for_Steve_Irwin$AAA$.html.txt	6	0.5174253541464982	9	0.32055431359169656	7	0.16036842960006817	3	4.257751611931199E-4	11	2.0548205223540274E-4	1	1.9137770300996503E-4	2	1.8566666505467466E-4	5	1.54153565028943E-4	8	1.1127980038111355E-4	0	1.0577500957047588E-4	10	1.0178287020703132E-4	12	8.029208085090003E-5	13	4.5505538806466375E-5	4	4.481221539899284E-5	
152	Huckabee__Obama_win_Iowa_caucuses$AAA$.html.txt	9	0.5023482185995786	1	0.4968273619624117	3	1.8870851478317184E-4	7	1.1393728223576254E-4	11	9.107204089426241E-5	2	8.228963030401043E-5	5	6.832265701837986E-5	6	6.316046844764569E-5	8	4.9320504738798055E-5	0	4.688071728112549E-5	10	4.511135457811577E-5	12	3.558638621324191E-5	13	2.016858526578375E-5	4	1.986129624938809E-5	
153	146.html.txt	2	0.8763797276516726	3	0.08566498086879568	1	0.025202345351144843	0	0.007565647809960034	6	0.005051124989769741	9	3.390058223760249E-5	7	2.6281465011078574E-5	11	2.1007229673052553E-5	5	1.5759718721190147E-5	8	1.1376566951450428E-5	10	1.0405658829862593E-5	12	8.208571819352094E-6	13	4.652208281472206E-6	4	4.581327131999285E-6	
154	French_police_search_for_missing_explosives$AAA$.html.txt	9	0.6064138051980495	11	0.39272078645024855	3	1.996043350716041E-4	7	1.2051589450887423E-4	1	8.971828946007633E-5	2	8.70409422648101E-5	5	7.226753143676962E-5	6	6.680728382494583E-5	8	5.216821596574602E-5	0	4.95875578869925E-5	10	4.771603414446E-5	12	3.7641104673295226E-5	13	2.1333097003796215E-5	4	2.100806546050343E-5	
155	122.html.txt	13	0.6716137043797733	0	0.249837078426345	3	0.07794872062717224	9	1.1025528027226508E-4	7	8.547553167237651E-5	11	6.832207125862201E-5	1	6.363242395194196E-5	2	6.17335235959389E-5	5	5.125552689444806E-5	6	4.738286288124525E-5	8	3.7000148521846255E-5	10	3.3842452104893635E-5	12	2.6696839016936242E-5	4	1.4899906538986815E-5	
156	Man_shot_on_London_Underground_unconnected_to_bombing__says_Scotland_Yard$AAA$.html.txt	7	0.5780187739377629	9	0.36550821360984675	3	0.03368676157649607	11	0.02243411573262079	1	5.7938109105277256E-5	2	5.6209136842814874E-5	5	4.6668791239224444E-5	6	4.3142682752543454E-5	8	3.368909290001625E-5	0	3.2022560354310824E-5	10	3.081397125346516E-5	12	2.4307802149694317E-5	13	1.3776447469046039E-5	4	1.356654920715002E-5	
157	105.html.txt	6	0.8179751857136452	2	0.1258915411291039	7	0.055593021650992724	3	1.2794598214575635E-4	9	9.964570828900821E-5	11	6.174762030014127E-5	1	5.7509245264081215E-5	5	4.6323344047662454E-5	8	3.343972277022381E-5	0	3.178552606978615E-5	10	3.058588306974047E-5	12	2.4127873298685236E-5	13	1.3674472788290148E-5	4	1.346612821491188E-5	
158	140.html.txt	0	0.4598097110799129	10	0.45966193942254246	3	0.01576034689891558	9	0.012274327831833402	7	0.009515686638827812	11	0.007606052959163012	1	0.007083971220168554	2	0.006872573403828055	5	0.005706095333867355	6	0.0052749654363856814	8	0.004119094810354491	12	0.0029720640440835775	13	0.0016844173704315276	4	0.0016587535496856178	
159	76.html.txt	12	0.9141491435478942	7	0.0506767998649911	0	0.030160135756197158	3	0.0036596647298944743	2	0.001224171361948916	9	3.246964917809177E-5	11	2.0120521025477676E-5	1	1.8739442473585517E-5	5	1.5094505882995076E-5	6	1.3954024977383997E-5	8	1.0896365589701818E-5	10	9.966439198728229E-6	13	4.455840013133021E-6	4	4.3879507349903945E-6	
160	Arctic_air_brings_coldest_night_for_Florida_in_five_years$AAA$.html.txt	9	0.7803187353618025	3	0.11299902302921493	7	0.07643217165381588	8	0.029911121850159792	11	5.539231618649688E-5	1	5.159017111640004E-5	2	5.00506321798796E-5	5	4.155556615512398E-5	6	3.8415792644871584E-5	0	2.851403668114649E-5	10	2.74378655826257E-5	12	2.1644539176928417E-5	13	1.2267043113415053E-5	4	1.2080142170055404E-5	
161	Obama_s_first_State_of_the_Union_speech_focuses_on_economy__jobs$AAA$.html.txt	2	0.5690937327981813	9	0.26647199108236697	1	0.10659896105610601	3	0.057619235385287605	7	4.448605714882323E-5	11	3.555847512229375E-5	5	2.6676128875795574E-5	6	2.4660586541764005E-5	8	1.925686438508275E-5	0	1.83042655329492E-5	10	1.761342958550038E-5	12	1.3894468779118143E-5	13	7.874690523932396E-6	4	7.754711562908062E-6	
162	98.html.txt	0	0.9963162100144404	3	6.887381442464588E-4	9	5.363966813034603E-4	7	4.158421384308514E-4	11	3.323898156388087E-4	1	3.0957447976033586E-4	2	3.0033624784463306E-4	5	2.49360343166786E-4	6	2.3051966615471306E-4	8	1.8000731416984074E-4	10	1.6464498526881587E-4	12	1.2988127021776373E-4	13	7.361021310560968E-5	4	7.248868625165267E-5	
163	First_Swahili_office_suite_released_in_Dar_es_Salaam__Tanzania$AAA$.html.txt	5	0.5649835683613835	9	0.24632671917093446	3	0.08941369437028793	1	0.07729609314604298	12	0.02174471448838835	7	5.039327973726563E-5	11	4.028022033676118E-5	2	3.639585110346401E-5	6	2.7935220959833586E-5	8	2.181394836979237E-5	0	2.0734855649294126E-5	10	1.9952284853328037E-5	13	8.920356350965513E-6	4	8.784445602002999E-6	
164	10.html.txt	13	0.9979850437076583	3	3.6701232031147776E-4	9	2.858331461051083E-4	7	2.215924722388834E-4	11	1.7712269678191373E-4	1	1.6496494215572646E-4	2	1.6004210615588912E-4	5	1.3287824829193642E-4	6	1.2283849567448066E-4	8	9.592165411252388E-5	0	9.117660030858657E-5	10	8.773543120262265E-5	12	6.921066699416885E-5	4	3.8627512008438544E-5	
165	South_American_leaders_end_border_dispute$AAA$.html.txt	11	0.5114305245717063	9	0.3410064953098748	3	0.08701583088010938	2	0.06021212190579891	7	6.97627759108431E-5	1	5.1935032704309214E-5	5	4.1833350047299616E-5	6	3.8672588289577024E-5	8	3.0198502653264702E-5	0	2.8704642677497505E-5	10	2.7621277765390385E-5	12	2.1789225073264687E-5	13	1.2349043848739186E-5	4	1.2160893540341316E-5	
166	153.html.txt	5	0.7083344062318353	2	0.24235007571666098	3	0.025710012885204594	11	0.01867848413858336	12	0.004675092326946896	9	6.273073178561763E-5	7	4.863207130154766E-5	1	3.620423901640658E-5	6	2.6958905326784577E-5	8	2.1051566756896794E-5	0	2.001018754129785E-5	10	1.9254967024864826E-5	13	8.608596391366913E-6	4	8.477435624124691E-6	
167	86.html.txt	3	0.4782161724557249	5	0.3300884175508578	2	0.10800671805115646	11	0.04940470513264162	9	0.034013402317401624	7	6.438305840024822E-5	1	4.793009165652524E-5	6	3.5690373237421566E-5	8	2.7869761983238358E-5	0	2.6491100185368818E-5	10	2.5491278353535273E-5	12	2.0108961148292115E-5	13	1.1396754227737442E-5	4	1.12231130253133E-5	
168	5.html.txt	13	0.6996358832494818	7	0.29842677949081725	3	3.9647651800399245E-4	9	3.0878018046288366E-4	11	1.91342323385687E-4	1	1.782085293570648E-4	2	1.728904820657266E-4	5	1.4354587648868452E-4	6	1.3270012025899685E-4	8	1.0362236175461561E-4	0	9.849636923117654E-5	10	9.477893886306904E-5	12	7.476698394019487E-5	4	4.1728575888857344E-5	
169	52.html.txt	8	0.7714524224098642	7	0.22706307287636193	3	3.1372244722301004E-4	9	2.443304192552535E-4	11	1.514046336264733E-4	1	1.4101217451004E-4	2	1.3680413006118938E-4	5	1.1358444098409019E-4	6	1.0500245180729975E-4	0	7.793783640289822E-5	10	7.499632208993183E-5	12	5.91613377036499E-5	13	3.3529689605568684E-5	4	3.301883050448802E-5	
170	111.html.txt	2	0.5039893815526991	3	0.41719064233568814	1	0.060885903385265894	5	0.01743105878866269	9	1.1696083011351007E-4	7	9.067401682810483E-5	11	7.247731038141463E-5	6	5.026461283359644E-5	8	3.9250438389451976E-5	0	3.7308797122845015E-5	10	3.5900695925769355E-5	12	2.8320498076073312E-5	13	1.605064298448512E-5	4	1.5806095028829157E-5	
171	66.html.txt	10	0.8475190946259674	12	0.15168379383110867	3	1.541979271288822E-4	9	1.2009100565542037E-4	7	9.310068898395944E-5	11	7.441699141889677E-5	1	6.930898697831389E-5	2	6.724068827344717E-5	5	5.582796356739294E-5	6	5.1609824401970396E-5	8	4.030088204769794E-5	0	3.830727741867299E-5	13	1.648019987163452E-5	4	1.6229107177634318E-5	
172	152.html.txt	7	0.8828077527991298	0	0.07884332115782663	8	0.03786028261718638	3	1.0898764491445607E-4	9	8.488075115856307E-5	11	5.259819497823648E-5	1	4.898783921952124E-5	2	4.7525958317356896E-5	5	3.945940378624284E-5	6	3.647800797813588E-5	10	2.605383387187912E-5	12	2.0552736737152092E-5	13	1.1648264053690643E-5	4	1.147079084193057E-5	
173	6.html.txt	1	0.7655095511573705	11	0.13925243670983223	2	0.08954104269502815	3	0.0051421652302978274	9	1.3381954688673184E-4	7	1.0374375621788017E-4	5	6.22100943149217E-5	6	5.7509746701532015E-5	8	4.49079907802E-5	0	4.2686481628274864E-5	10	4.107541693268013E-5	12	3.240261048479794E-5	13	1.836418029300904E-5	4	1.8084383231153397E-5	
174	Wikinews_interviews_Jeff_Jacobsen__creator_of_LisaMcPherson.org$AAA$.html.txt	5	0.49976219496910346	9	0.32193398996222916	3	0.09326701663268673	1	0.08474333782829377	7	5.892984764481614E-5	11	4.710364675450194E-5	2	4.256126951079302E-5	6	3.2667417633266204E-5	8	2.5509207986975552E-5	0	2.4247318109096326E-5	10	2.333218065390385E-5	12	1.8405742849268132E-5	13	1.0431455214674804E-5	4	1.0272521329612923E-5	
175	Steve_Fossett_breaks_record_for_longest_nonstop_flight__lands_safely$AAA$.html.txt	9	0.6238424128513527	13	0.23258567000693162	6	0.12691541617360913	7	0.015967106268460703	3	1.82723895092572E-4	11	8.818382183416773E-5	1	8.21308580562997E-5	2	7.967993279027918E-5	5	6.615590201542673E-5	8	4.775637572135928E-5	0	4.539396262104862E-5	10	4.36807127165759E-5	12	3.445781505208491E-5	4	1.923142374601166E-5	
176	144.html.txt	2	0.8669643116299981	3	0.06303379703993711	11	0.06292144089776479	5	0.00636028686043465	9	1.6912514230326195E-4	7	1.3111445929700388E-4	1	9.760841140123463E-5	6	7.268253645301735E-5	8	5.675606073964333E-5	0	5.3948451087778715E-5	10	5.191233938181959E-5	12	4.0951387422325586E-5	13	2.320919983361456E-5	4	2.2855583945627557E-5	
177	Officer_held_after_phone-hacking_investigation__leak_$AAA$.html.txt	9	0.5225621425348869	7	0.4134532946865937	3	0.063346627583939	11	9.57774312369312E-5	1	8.920323984948369E-5	2	8.654126261544433E-5	5	7.18526621369981E-5	6	6.642376040150715E-5	8	5.1868731663490935E-5	0	4.9302888478629546E-5	10	4.7442108672262206E-5	12	3.74250167783863E-5	13	2.1210629184016508E-5	4	2.088746356316619E-5	
178	148.html.txt	0	0.9159743074169008	8	0.03318819599517708	7	0.022946038422414775	3	0.0180727541556444	5	0.00732606087979109	10	0.0024440171851397353	9	1.3138643013700376E-5	11	8.141644572549704E-6	1	7.582799665798056E-6	2	7.356515955534897E-6	6	5.6464100297643385E-6	12	3.1813463860559193E-6	13	1.803028142916244E-6	4	1.7755571657867582E-6	
179	40.html.txt	7	0.7614938254238122	3	0.19732092687860944	8	0.039492024513947975	9	3.533585553596497E-4	11	2.189662784359066E-4	1	2.0393636791060012E-4	2	1.9785055791662787E-4	5	1.6426949251677553E-4	6	1.518579421790555E-4	0	1.1271621995791535E-4	10	1.0846210681323295E-4	12	8.556104020050956E-5	13	4.849172164806679E-5	4	4.7752900692000705E-5	
180	46.html.txt	10	0.7345067295147257	3	0.2528567340621546	11	0.011849359214027917	9	1.581941921261883E-4	7	1.2264022771587332E-4	1	9.129975340184015E-5	2	8.857521261790456E-5	5	7.354139093426251E-5	6	6.798489555887603E-5	8	5.308778490706748E-5	0	5.0461637578327905E-5	12	3.8304604279977576E-5	13	2.1709135422280176E-5	4	2.137837454922925E-5	
181	Ingrid_Newkirk__co-founder_of_PETA__on_animal_rights_and_the_film_about_her_life$AAA$.html.txt	6	0.49989910527117787	9	0.15402502516532313	3	0.1125743934758137	7	0.07465216597396102	1	0.06753847223886807	5	0.06753489206710861	0	0.02370142445651073	11	1.9763010787870567E-5	2	1.7857191246171974E-5	8	1.0702754189375978E-5	10	9.7893511381595E-6	12	7.722393478039827E-6	13	4.376666694518791E-6	4	4.309983702830129E-6	
182	22.html.txt	2	0.6944178949514582	1	0.23366988868654354	11	0.07143786122125993	3	1.1217034939849706E-4	9	8.735947567392595E-5	7	6.772553306662107E-5	5	4.0611714412521926E-5	6	3.754325459074065E-5	8	2.931663287911454E-5	0	2.7866397250374343E-5	10	2.6814669230378458E-5	12	2.1152926670827516E-5	13	1.198842171343339E-5	4	1.180576585195821E-5	
183	French_parliament_approves_bill_on_Armenian_Genocide_denial$AAA$.html.txt	10	0.503530371136369	2	0.19371160296833112	3	0.15505646595075523	9	0.13178846435366726	1	0.015552439434582606	7	8.084080040551375E-5	11	6.461745037257847E-5	5	4.847630354889739E-5	6	4.481362661195919E-5	8	3.499389314235282E-5	0	3.3262814718966696E-5	12	2.524925896569471E-5	13	1.431001814278002E-5	4	1.4091990386159974E-5	
184	33.html.txt	3	0.5028957920743217	11	0.49616344954453906	9	1.780739477959662E-4	7	1.3805203095282589E-4	1	1.0277309996371489E-4	2	9.970617489645632E-5	5	8.278310116230023E-5	6	7.652833887231793E-5	8	5.975915620596052E-5	0	5.680298938316431E-5	10	5.46591422608744E-5	12	4.3118220784343684E-5	13	2.443725269508621E-5	4	2.4064926166223282E-5	
185	159.html.txt	1	0.4552310128025633	3	0.44845136672394603	11	0.054815334101244756	2	0.04112026898076449	9	9.214312642636241E-5	7	7.143406376365224E-5	5	4.2835540239182415E-5	6	3.959905697149502E-5	8	3.092195996984177E-5	0	2.9392311996841088E-5	10	2.828299320611999E-5	12	2.2311223613483487E-5	13	1.2644886534308085E-5	4	1.24522287601332E-5	
186	119.html.txt	1	0.7670927180090897	2	0.1719165945647702	3	0.060582318685259574	9	8.569121433224082E-5	7	6.6432211560414E-5	11	5.3100416028945E-5	5	3.9836172290144136E-5	6	3.682630935049501E-5	8	2.8756787425335108E-5	0	2.7334246239780356E-5	10	2.6302602557335614E-5	12	2.074897953680214E-5	13	1.175948466524196E-5	4	1.1580316893755651E-5	
187	24.html.txt	6	0.6158169704753619	3	0.23354561970210008	7	0.14945751361133983	9	2.511684394951982E-4	11	1.5564196089957728E-4	1	1.4495865037791343E-4	2	1.4063283633983386E-4	5	1.1676330307076548E-4	8	8.428865758060592E-5	0	8.01190650211152E-5	10	7.70952272116744E-5	12	6.0817072695112934E-5	13	3.446807745289772E-5	4	3.394292105357807E-5	
188	4.html.txt	7	0.8200711428737141	1	0.12176915848053287	3	0.028939008806580173	0	0.02885578500446346	9	8.624017654275662E-5	11	5.344059234678242E-5	2	4.8287120221120535E-5	5	4.009137410248044E-5	6	3.706222912761248E-5	8	2.8941011557474707E-5	10	2.647110448550541E-5	12	2.0881903381577025E-5	13	1.1834819257553008E-5	4	1.1654503686532584E-5	
189	75.html.txt	12	0.8618175362840328	5	0.08814176768474316	10	0.03306299374836261	7	0.0138242361151494	0	0.0027769997771515537	3	9.518389623248586E-5	9	7.413024308171366E-5	11	4.593640991833617E-5	1	4.278332106895662E-5	2	4.150659359947987E-5	6	3.185791315046699E-5	8	2.4877085226311244E-5	13	1.0172961878801222E-5	4	1.001796640398868E-5	
190	Daughter_of_U.S_ambassador_Eric_John_dies_after_New_York_City_fall$AAA$.html.txt	7	0.510560900408487	9	0.4886394314509682	3	1.897442736033395E-4	11	9.157190530014406E-5	1	8.528638246473695E-5	2	8.274129095373598E-5	5	6.86976575566724E-5	6	6.35071354348547E-5	8	4.959120872826576E-5	0	4.7138030081639574E-5	10	4.535895593011454E-5	12	3.578170815428208E-5	13	2.0279283980695164E-5	4	1.997030835620215E-5	
191	One_million_protest_against_Spanish_abortion_liberalisation$AAA$.html.txt	1	0.5166066896173278	9	0.38497444161101835	2	0.06082198124268135	3	0.03725460053880073	7	7.04693691832514E-5	11	5.632738596283224E-5	5	4.2257059730863524E-5	6	3.906428415252481E-5	8	3.050436861878865E-5	0	2.8995378060916377E-5	10	2.7901040271820583E-5	12	2.2009917550688968E-5	13	1.2474121315773262E-5	4	1.2284065324288965E-5	
192	70.html.txt	12	0.9147608234691676	3	0.01576034689891558	9	0.012274327831833402	7	0.009515686638827812	11	0.007606052959163012	1	0.007083971220168554	2	0.006872573403828055	5	0.005706095333867355	6	0.0052749654363856814	8	0.004119094810354491	0	0.00391533136737088	10	0.003767559710000373	13	0.0016844173704315276	4	0.0016587535496856178	
193	117.html.txt	1	0.9782813080937789	3	0.0042192239595289895	9	0.0032859770414538523	7	0.0025474574459192077	11	0.0020362268095098263	2	0.0018398659975592429	5	0.0015275865628101284	6	0.001412168190055331	8	0.0011027284885851728	0	0.001048178699406882	10	0.0010086185475069354	12	7.956553180257015E-4	13	4.509376711537057E-4	4	4.440671747059625E-4	
194	Asian_countries_call_for_global_currency$AAA$.html.txt	1	0.47169769660408667	9	0.20126888888852856	2	0.17871255352609472	3	0.1304498057500345	6	0.01772647452802643	7	3.3600752022780674E-5	11	2.6857662410839506E-5	5	2.014873982391259E-5	8	1.4544897129787513E-5	0	1.3825389943510125E-5	10	1.33035948273236E-5	12	1.0494627527307544E-5	13	5.9478304104501294E-6	4	5.857209133229652E-6	
195	0.html.txt	7	0.6413259137162515	5	0.16134369209112875	1	0.11808146055321118	3	0.07094819829817094	0	0.007901808335564486	9	1.0591782536550342E-4	11	6.563427342717995E-5	2	5.930491995744043E-5	6	4.5518815820703954E-5	8	3.554455859127163E-5	10	3.2511086300219854E-5	12	2.564658242058015E-5	13	1.4535201220655204E-5	4	1.4313742569622023E-5	
196	51.html.txt	8	0.8222485067192363	7	0.10048530915653894	9	0.07661291745695675	3	1.652545278920527E-4	11	7.975298379853047E-5	1	7.42787152527964E-5	2	7.206211135690349E-5	5	5.983104918649835E-5	6	5.531045277288862E-5	0	4.105406059941104E-5	10	3.950460641345847E-5	12	3.116346636404119E-5	13	1.7661895331947795E-5	4	1.7392798299472996E-5	
197	Football__FC_Bayern__Jupp_Heynckes_reach_agreement__club_s_head_coach_until_season_end$AAA$.html.txt	13	0.46488550847904314	9	0.3331957999749236	0	0.20135394931095146	3	1.2654097814764962E-4	7	7.640214411185607E-5	11	6.106955560486665E-5	1	5.687772313131048E-5	2	5.5180394599801785E-5	5	4.5814656846226965E-5	6	4.2353083361459275E-5	8	3.307251355114711E-5	10	3.025001251501172E-5	12	2.386291962150101E-5	4	1.331825359107715E-5	
198	83.html.txt	3	0.8787163160534084	0	0.12052898003628142	9	1.35163160541349E-4	7	1.0478539423473582E-4	11	8.375677848029198E-5	1	7.800768827590608E-5	2	7.567980544764912E-5	5	6.28347140668276E-5	6	5.808717266611966E-5	8	4.5358888956269675E-5	10	4.148783419416253E-5	12	3.2727948530737265E-5	13	1.8548565638585073E-5	4	1.8265959277478482E-5	
199	131.html.txt	11	0.7873932289390972	3	0.17972256018385452	6	0.018470031385720738	0	0.01385211055374791	9	1.239614579308338E-4	7	9.610126152104403E-5	1	7.15427689746653E-5	2	6.940781039477469E-5	5	5.762726125369191E-5	8	4.15997523483618E-5	10	3.804951284435064E-5	12	3.0015606313928758E-5	13	1.701134562018007E-5	4	1.675216037767027E-5	
200	Inquiry_blames_surgical_failures_for_Scottish_patient_deaths$AAA$.html.txt	5	0.5736516971150658	9	0.3247800785396045	3	0.10113718803037991	7	7.529963417962725E-5	11	6.018830034176052E-5	1	5.605695749176216E-5	2	5.438412201062524E-5	6	4.174191340531039E-5	8	3.259526549616414E-5	0	3.098284242064582E-5	10	2.9813494147163046E-5	12	2.3518569260650338E-5	13	1.3329149709676438E-5	4	1.3126066486450774E-5	
201	160.html.txt	13	0.5380943656210043	3	0.3415496553853068	7	0.12007792676593816	9	5.5720166488518584E-5	11	3.452820741074734E-5	1	3.2158180977043945E-5	2	3.119852585920908E-5	5	2.5903217378458847E-5	6	2.3946073166980786E-5	8	1.8698917917093185E-5	0	1.7773919569087947E-5	10	1.7103099833475663E-5	12	1.3491891826563728E-5	4	7.530027323549027E-6	
202	U.S._Congress_reaches_deal_on_payroll_tax_cut_extension$AAA$.html.txt	2	0.6319588120789339	9	0.3674846280514007	3	1.2700587162436697E-4	7	7.668283467490337E-5	11	6.129391642807447E-5	1	5.708668376083421E-5	5	4.598297335063238E-5	6	4.250868253938434E-5	8	3.3194017241363835E-5	0	3.155197510566083E-5	10	3.0361146739629755E-5	12	2.395058857925572E-5	13	1.357399666917232E-5	4	1.3367182952193155E-5	
203	99.html.txt	0	0.9682844645253436	8	0.0312577789362456	3	8.998114847594004E-5	9	7.00782871190836E-5	7	5.432827194671705E-5	11	4.342552768818824E-5	1	4.044478654242897E-5	2	3.923784494262618E-5	5	3.2578027295193326E-5	6	3.011656096031306E-5	10	2.1510272066463165E-5	12	1.6968518380080087E-5	13	9.616908211245056E-6	4	9.470384782553489E-6	
204	125.html.txt	0	0.4742710658392083	13	0.4420192084196622	3	0.05540944225678024	9	0.027749098775058458	7	9.610126152104403E-5	11	7.681540096001706E-5	1	7.15427689746653E-5	2	6.940781039477469E-5	5	5.762726125369191E-5	6	5.327317430232388E-5	8	4.15997523483618E-5	10	3.804951284435064E-5	12	3.0015606313928758E-5	4	1.675216037767027E-5	
205	Up_to_one-half_of_Somali_food_aid_diverted_from_needy$AAA$.html.txt	3	0.6401150336360488	9	0.3556483484564575	11	0.003805047058151547	7	7.8117802916938E-5	1	5.815494862854757E-5	2	5.6419505503868084E-5	5	4.6843454144179225E-5	6	4.3304148822201765E-5	8	3.381517790618334E-5	0	3.2142408185528555E-5	10	3.0929295811685126E-5	12	2.4398776679434514E-5	13	1.3828007286024503E-5	4	1.3617323457603314E-5	
206	Former_mayor_receives_two_year_sentence_for_underwear_theft_in_Lancashire__England$AAA$.html.txt	7	0.564430433921926	9	0.39191040530086585	5	0.0431804361905411	3	1.24266644231512E-4	11	5.997194624868212E-5	1	5.585545400802863E-5	2	5.418863173546108E-5	6	4.159186707127399E-5	8	3.247809788941948E-5	0	3.087147086280405E-5	10	2.9706325952495944E-5	12	2.3434028931483422E-5	13	1.3281236476031884E-5	4	1.3078883259906122E-5	
207	89.html.txt	2	0.9685599788074436	5	0.031153094182749454	3	5.978997010650816E-5	9	4.6565072383863354E-5	7	3.609962542877538E-5	11	2.8855055156696167E-5	1	2.687443558227676E-5	6	2.0011616988967718E-5	8	1.5626594843157528E-5	0	1.4853578218401155E-5	10	1.4292977424938942E-5	12	1.1275108440830818E-5	13	6.390167987477087E-6	4	6.2928072450354145E-6	
208	151.html.txt	7	0.9016782194771236	10	0.05262436763252539	8	0.04135726675326812	9	0.0038578089183625612	3	1.2986858336182426E-4	11	6.26754810104769E-5	1	5.8373417339089494E-5	2	5.663145473445844E-5	5	4.701942934948076E-5	6	4.346682804000539E-5	0	3.226315647325995E-5	12	2.4490434730996093E-5	13	1.387995448901213E-5	4	1.3668479191843864E-5	
209	157.html.txt	11	0.4635004326717051	4	0.4575531332622277	3	0.01576034689891558	9	0.012274327831833402	7	0.009515686638827812	1	0.007083971220168554	2	0.006872573403828055	5	0.005706095333867355	6	0.0052749654363856814	8	0.004119094810354491	0	0.00391533136737088	10	0.003767559710000373	12	0.0029720640440835775	13	0.0016844173704315276	
210	116.html.txt	5	0.6830228698409873	3	0.31645086305568804	9	9.678020031172904E-5	7	7.502896057745601E-5	11	5.997194624868212E-5	1	5.585545400802863E-5	2	5.418863173546108E-5	6	4.159186707127399E-5	8	3.247809788941948E-5	0	3.087147086280405E-5	10	2.9706325952495944E-5	12	2.3434028931483422E-5	13	1.3281236476031884E-5	4	1.3078883259906122E-5	
211	Mysterious_dimming_of_Tabby_s_star_likely_due_to_space_dust__not_alien_superstructures__say_scientists$AAA$.html.txt	12	0.8142686790087944	9	0.18539802262904356	3	7.199217023232246E-5	7	4.3466995794811146E-5	11	3.4743921751481283E-5	1	3.235908862122436E-5	2	3.13934380756914E-5	5	2.6065047252602356E-5	6	2.4095675818660124E-5	8	1.881573906285786E-5	0	1.7884961804686615E-5	10	1.7209951135114236E-5	13	7.694301581821867E-6	4	7.577071030755858E-6	
212	European_Court_of_Human_Rights_rules_Germany_allowed_to_ban_incest$AAA$.html.txt	9	0.6215503460587275	1	0.3194983646454373	5	0.05814689182376788	3	2.0076352137109125E-4	7	1.2121578098045317E-4	11	9.688987086455849E-5	2	8.754642561381465E-5	6	6.719526181193718E-5	8	5.24711787305301E-5	0	4.987553368524862E-5	10	4.799314121744154E-5	12	3.785970239472845E-5	13	2.1456987267820592E-5	4	2.1130068129693E-5	
213	City_of_S_o_Paulo_celebrates_451_years_of_existence$AAA$.html.txt	9	0.9983858778554994	3	3.3500341290694936E-4	7	2.0226632831157524E-4	11	1.6167497558355995E-4	1	1.5057755713831158E-4	2	1.4608406531294976E-4	5	1.212892979753835E-4	6	1.1212516040982511E-4	8	8.755586589601054E-5	0	8.32246510272644E-5	10	8.008360280874819E-5	12	6.317447227094578E-5	13	3.5804133720758246E-5	4	3.525862113824628E-5	
214	19.html.txt	8	0.953997268484891	3	0.045739402514479846	9	4.7301352152403815E-5	7	3.667042715836331E-5	11	2.9311306854467757E-5	1	2.7299370027713837E-5	2	2.6484710138229886E-5	5	2.1989474983913027E-5	6	2.0328037601466614E-5	0	1.508844071453317E-5	10	1.4518975787476332E-5	12	1.1453388722769355E-5	13	6.491208341671506E-6	4	6.392308146132479E-6	
215	121.html.txt	0	0.7640965364099349	3	0.23476625096626313	9	2.0366828678206503E-4	7	1.578940714178044E-4	11	1.262074629739621E-4	1	1.1754454515084252E-4	2	1.1403681489681783E-4	5	9.468140958805649E-5	6	8.752765837628816E-5	8	6.834826270014041E-5	10	6.251523032445305E-5	12	4.931554707991393E-5	13	2.794958752625213E-5	4	2.7523746985310613E-5	
216	100.html.txt	0	0.9963162100144404	3	6.887381442464588E-4	9	5.363966813034603E-4	7	4.158421384308514E-4	11	3.323898156388087E-4	1	3.0957447976033586E-4	2	3.0033624784463306E-4	5	2.49360343166786E-4	6	2.3051966615471306E-4	8	1.8000731416984074E-4	10	1.6464498526881587E-4	12	1.2988127021776373E-4	13	7.361021310560968E-5	4	7.248868625165267E-5	
217	42.html.txt	11	0.48730598679074777	3	0.41738452555660766	2	0.09499173730991378	9	6.727651092715068E-5	7	5.2156191761159584E-5	1	3.882777727064373E-5	5	3.127553625255828E-5	6	2.891248096706044E-5	8	2.2577067421979618E-5	0	2.1460224716924283E-5	10	2.0650277185946112E-5	12	1.6290105810878778E-5	13	9.232417870884937E-6	4	9.091752545622338E-6	
218	129.html.txt	3	0.5385574265135854	7	0.4596307680544104	9	3.533585553596497E-4	11	2.189662784359066E-4	1	2.0393636791060012E-4	2	1.9785055791662787E-4	5	1.6426949251677553E-4	6	1.518579421790555E-4	8	1.1858224837383086E-4	0	1.1271621995791535E-4	10	1.0846210681323295E-4	12	8.556104020050956E-5	13	4.849172164806679E-5	4	4.7752900692000705E-5	
219	38.html.txt	1	0.38627821417144714	11	0.34648628101730455	3	0.1920314143168857	2	0.07494279673045146	9	6.302441946194091E-5	7	4.88597530072888E-5	5	2.929882195901586E-5	6	2.7085119353566546E-5	8	2.1150124282814494E-5	0	2.010386962206618E-5	10	1.9345113375182237E-5	12	1.5260518828271933E-5	13	8.648899423048829E-6	4	8.517124597914092E-6	
220	108.html.txt	1	0.767628849102007	3	0.14305401644259738	0	0.085487065868927	9	7.650170909496674E-4	7	5.930803715332505E-4	11	4.7405940171624494E-4	2	4.2834411666103147E-4	5	3.556415074457598E-4	6	3.2877064783441164E-4	8	2.567291645079499E-4	10	2.3481917778410354E-4	12	1.8523863956314954E-4	13	1.0498400355012658E-4	4	1.0338446492294647E-4	
221	102.html.txt	0	0.9963162100144404	3	6.887381442464588E-4	9	5.363966813034603E-4	7	4.158421384308514E-4	11	3.323898156388087E-4	1	3.0957447976033586E-4	2	3.0033624784463306E-4	5	2.49360343166786E-4	6	2.3051966615471306E-4	8	1.8000731416984074E-4	10	1.6464498526881587E-4	12	1.2988127021776373E-4	13	7.361021310560968E-5	4	7.248868625165267E-5	
222	25.html.txt	11	0.6742745568960478	3	0.21625851434502946	7	0.05783657759948825	1	0.05140383826193172	9	5.762841795585837E-5	2	3.226698341239929E-5	5	2.679032622407672E-5	6	2.4766155592027604E-5	8	1.933930074079332E-5	0	1.8382623925796575E-5	10	1.7688830591477145E-5	12	1.3953949354344715E-5	13	7.908401141411969E-6	4	7.787908564665418E-6	
223	Technology_Brief_for_December_22__2005$AAA$.html.txt	9	0.7432798915430352	6	0.24003973003491166	5	0.015577536127564821	3	2.675844686511212E-4	7	1.615605271528962E-4	11	1.2913812447554453E-4	1	1.2027404517466966E-4	2	1.166848619718956E-4	8	6.99353766272833E-5	0	6.647581238221936E-5	10	6.396689549905713E-5	12	5.0460702618666795E-5	13	2.8598604456139983E-5	4	2.8162875478732487E-5	
224	95.html.txt	10	0.7941838821682808	11	0.15943339815809887	9	0.04076146657504903	3	0.0013721866561755061	7	8.28490534751206E-4	1	6.16771372063863E-4	2	5.9836585950836E-4	5	4.968055542316046E-4	6	4.592688999817307E-4	8	3.5863213992320936E-4	0	3.4089131992274803E-4	12	2.587650290153897E-4	13	1.4665508658920525E-4	4	1.4442064640842215E-4	
225	Indian_Government_blocks_Blogger__Typepad_and_Geocities$AAA$.html.txt	5	0.5673971609928377	9	0.27341074982729163	3	0.15793695650189876	7	2.1926466105107498E-4	11	1.7526203702656224E-4	1	1.6323199863979196E-4	2	1.5836087663818023E-4	6	1.215480871076393E-4	8	9.491400481225564E-5	0	9.021879741880312E-5	10	8.681377751891588E-5	12	6.84836144760173E-5	13	3.881309019668476E-5	4	3.822173308597807E-5	
226	49.html.txt	10	0.6284528785490926	3	0.17721578185177073	1	0.09071305170500847	8	0.04219592971104969	6	0.03376590127612479	11	0.01479709010211503	12	0.012666810731035616	9	5.6777712634600834E-5	7	4.4016986420964394E-5	2	3.179066121818458E-5	5	2.639484993155548E-5	0	1.8111261349014932E-5	13	7.791658062697027E-6	4	7.672944186109985E-6	
227	107.html.txt	11	0.7081065388671176	5	0.17480923422761385	10	0.06346991456540815	6	0.03452660358151286	3	0.014511984677119397	9	0.003370012868814811	8	0.0011234051527507585	7	2.3238387556164143E-5	1	1.729986231148828E-5	2	1.6783604833588346E-5	0	9.561683899353234E-6	12	7.258117960330665E-6	13	4.113538533383711E-6	4	4.050864568245779E-6	
228	34.html.txt	11	0.9974811522609202	3	4.924982538678301E-4	9	3.835629420692006E-4	7	2.9735760792794485E-4	1	2.213684431415042E-4	2	2.1476243021000384E-4	5	1.783109221108839E-4	6	1.6483845712887574E-4	8	1.287184231811048E-4	0	1.2235097831994943E-4	10	1.1773323204235083E-4	12	9.287462779104431E-5	13	5.2636697595739457E-5	4	5.18347236933879E-5	
229	British_Formula_Two_driver_Henry_Surtees_dies_after_race_accident$AAA$.html.txt	8	0.5691257163679904	9	0.43018993889904855	3	1.5017875369055644E-4	7	9.067401682810483E-5	11	7.247731038141463E-5	1	6.750244622457422E-5	2	6.54880577853765E-5	5	5.437280607945641E-5	6	5.026461283359644E-5	0	3.7308797122845015E-5	10	3.5900695925769355E-5	12	2.8320498076073312E-5	13	1.605064298448512E-5	4	1.5806095028829157E-5	
230	Payment_pending__Canadian_recording_industry_set_for_six_billion_penalties_$AAA$.html.txt	11	0.6092106629490837	9	0.15759870118435254	5	0.14426703880318587	3	0.05108178283106968	2	0.03441555587215179	10	0.002228449414729523	12	0.0011168735736480648	7	2.316102884973555E-5	1	1.7242272473700478E-5	6	1.2839181373939881E-5	8	1.002581078575413E-5	0	9.529853829562662E-6	13	4.0998448974110065E-6	4	4.03737956881716E-6	
231	Masked_man_kills_two_in_sword_attack_at_Swedish_school$AAA$.html.txt	7	0.5547183890631566	9	0.4446647678161345	3	1.4636377758702485E-4	11	7.063617639702251E-5	1	6.578768822486878E-5	2	6.382447109699117E-5	5	5.2991579036498696E-5	6	4.898774581944772E-5	8	3.825336336499522E-5	0	3.6361045420440846E-5	10	3.498871407952784E-5	12	2.7601075249972674E-5	13	1.564291008001384E-5	4	1.540457435201371E-5	
232	U.N._pulls_out_of_southern_Somalia$AAA$.html.txt	3	0.6598508294703016	9	0.2780144114289767	11	0.05900355948218209	6	0.0028399468648378627	7	5.85989609261465E-5	1	4.362410916714877E-5	2	4.232229114289155E-5	5	3.513895215357254E-5	8	2.5365975678323655E-5	0	2.4111171218406657E-5	10	2.3201172192071237E-5	12	1.8302395969894225E-5	13	1.0372883368235682E-5	4	1.0214841885136733E-5	
233	158.html.txt	7	0.9047108990368018	3	0.09466780562423775	9	1.2117196446635939E-4	11	7.508683094700134E-5	1	6.993284852183727E-5	2	6.784593272157298E-5	5	5.633048021121315E-5	6	5.20743728842972E-5	8	4.0663636887665484E-5	0	3.865208749685332E-5	10	3.719328810177805E-5	12	2.93401678426286E-5	13	1.662854084987893E-5	4	1.6375188029414956E-5	
234	128.html.txt	1	0.4629783509327106	10	0.45966193942254246	3	0.01576034689891558	9	0.012274327831833402	7	0.009515686638827812	11	0.007606052959163012	2	0.006872573403828055	5	0.005706095333867355	6	0.0052749654363856814	8	0.004119094810354491	0	0.00391533136737088	12	0.0029720640440835775	13	0.0016844173704315276	4	0.0016587535496856178	
235	90.html.txt	7	0.8884895825712724	11	0.09997339900105863	5	0.010105609264297885	3	3.4503410685228795E-4	9	2.6871627685810774E-4	1	1.5508616013308366E-4	2	1.5045812388366666E-4	6	1.1548241924454434E-4	8	9.017746931879697E-5	0	8.571656893316935E-5	10	8.248147124490569E-5	12	6.506604642241316E-5	13	3.6876183417847924E-5	4	3.631433706216324E-5	
236	Nadal_withdraws_from_French_Open_2016__suffers_from_wrist_injury$AAA$.html.txt	9	0.6070401457435739	10	0.17190860978610256	8	0.1074636666380822	0	0.10209050912120712	6	0.010803656889724712	3	1.8566799203037E-4	7	1.121014938537264E-4	11	8.960466347994025E-5	1	8.345417270860485E-5	2	8.096375747020385E-5	5	6.722182384487441E-5	12	3.5013008710400136E-5	13	1.9843623551878578E-5	4	1.954128565942722E-5	
237	35.html.txt	7	0.5878150946612218	3	0.3075794410205592	6	0.10403366994473943	9	1.2171977427840008E-4	11	7.542629315617619E-5	1	7.02490099439363E-5	2	6.81526593461318E-5	5	5.6585146296000726E-5	8	4.084747429080098E-5	0	3.882683082861229E-5	10	3.7361436305481283E-5	12	2.947281264955153E-5	13	1.6703717297480486E-5	4	1.644921908697873E-5	
238	Eric_Bailly_leaves_Villarreal_for_four-year_deal_with_Manchester_United$AAA$.html.txt	9	0.5717704708441599	0	0.42731737792252594	3	1.996043350716041E-4	7	1.2051589450887423E-4	11	9.633043949924748E-5	1	8.971828946007633E-5	2	8.70409422648101E-5	5	7.226753143676962E-5	6	6.680728382494583E-5	8	5.216821596574602E-5	10	4.771603414446E-5	12	3.7641104673295226E-5	13	2.1333097003796215E-5	4	2.100806546050343E-5	
239	18.html.txt	4	0.9994815526089806	3	9.440411260418596E-5	9	7.352293919728531E-5	7	5.6998742395693036E-5	11	4.5560080919261564E-5	1	4.243282340438965E-5	2	4.116655538465078E-5	5	3.417937878421311E-5	6	3.159692069176518E-5	8	2.467328243458776E-5	0	2.3452744134294062E-5	10	2.2567595331949336E-5	12	1.7802594732468985E-5	13	1.0089621004573583E-5	
240	Typhoon_Etau_causes_more_leakage_at_Fukushima$AAA$.html.txt	9	0.5701988888166485	6	0.33123630164372253	3	0.09791100717297173	7	1.1331870835503456E-4	11	9.057760408958936E-5	1	8.436033038522008E-5	2	8.184287385202226E-5	5	6.795172829106428E-5	8	4.9052740093046605E-5	0	4.662619842082925E-5	10	4.48664417179991E-5	12	3.5393185106553584E-5	13	2.0059088533793654E-5	4	1.975346781205666E-5	
241	59.html.txt	5	0.743023603493081	7	0.1016978087325502	3	0.082369570074024	11	0.03876315617873147	9	0.03394759100412434	1	3.7606167743632094E-5	2	3.64839353834406E-5	6	2.8002829045635423E-5	8	2.1866741912939294E-5	0	2.0785037600668047E-5	10	2.000057284747872E-5	12	1.5777582306999435E-5	13	8.941945162395577E-6	4	8.80570548581905E-6	
242	106.html.txt	8	0.9916887645784538	3	0.0015576716732720848	9	0.0012131314681542704	7	9.404815531094445E-4	11	7.517431764595707E-4	1	7.0014330107737E-4	2	6.792498275759823E-4	5	5.639611312849193E-4	6	5.21350468390557E-4	0	3.8697122604876917E-4	10	3.723662350371598E-4	12	2.937435325702131E-4	13	1.6647915434330802E-4	4	1.6394267422264604E-4	
243	UEFA_Euro_2016__day_2__Albania-Switzerland__Wales-Slovakia__England-Russia_face_off$AAA$.html.txt	0	0.652055682043548	9	0.34733481709413166	3	1.3337592485295938E-4	7	8.052890676866607E-5	11	6.436814839264467E-5	1	5.9949899528337096E-5	2	5.816089199905167E-5	5	4.828927607590163E-5	6	4.4640730191906125E-5	8	3.485888244794011E-5	10	3.1883927681479065E-5	12	2.5151844254719354E-5	13	1.4254808352927375E-5	4	1.4037621773900882E-5	
244	Journalists_deported_from_Fiji$AAA$.html.txt	9	0.4693742633912177	11	0.45418587446491915	7	0.07074335555446246	3	0.00522000076188074	1	7.840128187008143E-5	2	7.606165353584366E-5	5	6.315175129091595E-5	6	5.83802558169019E-5	8	4.5587750604738916E-5	0	4.3332615083762546E-5	10	4.169716414786242E-5	12	3.2893079829675874E-5	13	1.864215380633934E-5	4	1.8358121533814743E-5	
245	Obama_administration_drops_use_of_term__enemy_combatant_$AAA$.html.txt	5	0.5982280451074704	9	0.33085530372179967	2	0.0704276332578548	3	1.2164308003929584E-4	7	7.344492090560741E-5	11	5.870579593386051E-5	1	5.467621262767533E-5	6	4.071376391004017E-5	8	3.179240805542649E-5	0	3.0219700743657646E-5	10	2.9079154811493117E-5	12	2.2939280887354563E-5	13	1.3000838009795389E-5	4	1.2802756950975316E-5	
246	139.html.txt	3	0.44893095884264334	6	0.39802777959596375	7	0.15250578027843636	9	1.139896856542102E-4	11	7.063617639702251E-5	1	6.578768822486878E-5	2	6.382447109699117E-5	5	5.2991579036498696E-5	8	3.825336336499522E-5	0	3.6361045420440846E-5	10	3.498871407952784E-5	12	2.7601075249972674E-5	13	1.564291008001384E-5	4	1.540457435201371E-5	
247	92.html.txt	7	0.7803830237359843	3	0.20506272408215412	5	0.01294885621920672	9	3.4432049981282704E-4	11	2.1336565165790063E-4	1	1.987201698216158E-4	2	1.9279002009945143E-4	6	1.479737840178259E-4	8	1.1554920182263311E-4	0	1.0983321219835893E-4	10	1.0568790895885902E-4	12	8.337259613357858E-5	13	4.725142091905171E-5	4	4.653149721264549E-5	
248	147.html.txt	2	0.7941408662889688	3	0.1753442266463812	6	0.030152702259286627	9	7.37242651822929E-5	7	5.7154820594991E-5	11	4.5684836924234144E-5	1	4.2549016120048346E-5	5	3.4272971303443254E-5	8	2.474084465317895E-5	0	2.3516964184057004E-5	10	2.2629391601373026E-5	12	1.7851343122554257E-5	13	1.0117249155859105E-5	4	9.96310252133992E-6	
249	63.html.txt	12	0.8951347516879131	3	0.07301862280122641	1	0.03157678267380084	9	5.3083531711614184E-5	7	4.115306845071853E-5	11	3.2894359592613065E-5	2	2.9722235972575448E-5	5	2.4677497355030127E-5	6	2.2812963679675705E-5	8	1.781409971970234E-5	0	1.6932871571368567E-5	10	1.629379450192929E-5	13	7.284702195015429E-6	4	7.1737123093718755E-6	
250	Fighting_continues_in_Tripoli__Lebanon$AAA$.html.txt	9	0.547696872447647	11	0.4467799813181235	3	0.00496927242504158	7	1.0025562461630372E-4	1	7.46354925711808E-5	2	7.240824182994053E-5	5	6.0118431126428715E-5	6	5.5576121274986125E-5	8	4.3398068761618585E-5	0	4.125125245443436E-5	10	3.9694355892727957E-5	12	3.131315147804842E-5	13	1.7746729374010484E-5	4	1.7476339808172594E-5	
251	68.html.txt	12	0.9569325549564885	1	0.03270983523100849	3	0.009910629276804316	9	8.793009182599096E-5	7	6.816790388875459E-5	11	5.448778493580906E-5	2	4.923332819188679E-5	5	4.08769827194579E-5	6	3.77884802781123E-5	8	2.950812377481798E-5	0	2.804841547161774E-5	10	2.6989817756134793E-5	13	1.20667278961878E-5	4	1.188287895996002E-5	
252	16.html.txt	4	0.9994815526089806	3	9.440411260418596E-5	9	7.352293919728531E-5	7	5.6998742395693036E-5	11	4.5560080919261564E-5	1	4.243282340438965E-5	2	4.116655538465078E-5	5	3.417937878421311E-5	6	3.159692069176518E-5	8	2.467328243458776E-5	0	2.3452744134294062E-5	10	2.2567595331949336E-5	12	1.7802594732468985E-5	13	1.0089621004573583E-5	
253	23.html.txt	2	0.7657106339424123	1	0.13022150551193007	3	0.1037847435044811	9	5.940866826452094E-5	7	4.6056637771163024E-5	11	3.681386738599099E-5	5	2.761792983044529E-5	6	2.553122875733407E-5	8	1.9936728144396297E-5	0	1.895049778176455E-5	10	1.8235271865372222E-5	12	1.438501311639631E-5	13	8.152706539207378E-6	4	8.028491719953512E-6	
254	Indonesian_president_sworn_in_for_a_second_term$AAA$.html.txt	9	0.4901527795503124	2	0.4567937602972243	3	0.05249720219316882	7	9.930168808507907E-5	11	7.937355728250828E-5	1	7.392533268576707E-5	5	5.9546401697946284E-5	6	5.5047312117885136E-5	8	4.2985134292009034E-5	0	4.085874503327311E-5	10	3.9316662408552625E-5	12	3.101520551025855E-5	13	1.7577868489402588E-5	4	1.7310051691780964E-5	
255	UN_Security_Council_calls_for_release_of_British_soldiers_in_Iran$AAA$.html.txt	9	0.4252963098621616	11	0.39549004353574313	3	0.17872335700527234	7	8.8746369582689E-5	1	6.606740552520488E-5	2	6.409584115470787E-5	5	5.321688960491344E-5	6	4.919603281629933E-5	8	3.8416009717495986E-5	0	3.651564598077122E-5	10	3.51374797362736E-5	12	2.7718430008341852E-5	13	1.5709420892219702E-5	4	1.547007180399658E-5	
256	53.html.txt	8	0.8733716917295486	7	0.12569458204798398	3	1.9732566210859388E-4	9	1.5367934994635942E-4	11	9.523073608888275E-5	1	8.869407001911648E-5	2	8.604728728360638E-5	5	7.144252896410597E-5	6	6.604461526201386E-5	0	4.902146884179085E-5	10	4.717131031935846E-5	12	3.721139573192325E-5	13	2.1089559450654464E-5	4	2.076823845097067E-5	
257	Mahmoud_Abbas_asks_UN_urgently_attend_to_hunger-striking_Palestinian_prisoners$AAA$.html.txt	9	0.5040762703600405	3	0.35511341706930877	5	0.10522875219317883	2	0.03512402963969783	7	9.146872851441542E-5	11	7.311253718141029E-5	1	6.809407086794827E-5	6	5.070515662578845E-5	8	3.9594448538909066E-5	0	3.7635789773142224E-5	10	3.621534728452606E-5	12	2.8568712852152536E-5	13	1.619131871496203E-5	4	1.5944627420728804E-5	
258	28.html.txt	7	0.9948386815624086	3	0.0045536963631583405	9	1.1850525152073217E-4	11	7.343434454047715E-5	1	6.839378927410555E-5	2	6.635280163391943E-5	5	5.509077743446776E-5	6	5.092833712497329E-5	8	3.9768724872479596E-5	0	3.7801445002466834E-5	10	3.6374750387148605E-5	12	2.8694459029064427E-5	13	1.6262585363834347E-5	4	1.6014808249344263E-5	
259	69.html.txt	12	0.9816577721553673	3	0.0033913968376477165	9	0.0026412563670153346	7	0.002047637008369897	11	0.001636711686496024	1	0.0015243673091815085	2	0.0014788775816760732	5	0.001227868510427627	6	0.001135095643160642	8	8.863691391696805E-4	0	8.425222174873677E-4	10	8.107239116052311E-4	13	3.624620561970896E-4	4	3.5693957619852907E-4	
260	Bill_passed_to_raise_US_debt_limit$AAA$.html.txt	9	0.5510321462136691	2	0.4480507960189167	3	2.0927078545985314E-4	7	1.263522452817549E-4	11	1.0099553564539913E-4	1	9.406317201822961E-5	5	7.576730766690093E-5	6	7.004263086505821E-5	8	5.4694621373200955E-5	0	5.198898703439598E-5	10	5.0026829030833374E-5	12	3.94639902872413E-5	13	2.2366217470548228E-5	4	2.202544528070722E-5	
261	12.html.txt	2	0.5193487632376866	3	0.21257259602118797	1	0.18889365941471972	7	0.05122425653701377	10	0.02757058842133131	9	1.0591782536550342E-4	11	6.563427342717995E-5	5	4.9239128803780806E-5	6	4.5518815820703954E-5	8	3.554455859127163E-5	0	3.3786239841316246E-5	12	2.564658242058015E-5	13	1.4535201220655204E-5	4	1.4313742569622023E-5	
262	109.html.txt	2	0.4558050159335417	3	0.2719518668357262	12	0.263881228475204	6	0.00802671331665236	9	7.175929865048758E-5	7	5.563147805203312E-5	11	4.446720287464222E-5	1	4.141496083403891E-5	5	3.3359496731804313E-5	8	2.40814290375484E-5	0	2.2890168549850596E-5	10	2.2026252363269177E-5	13	9.847594979774166E-6	4	9.697556802315511E-6	
