#doc name topic proportion ...
0	France_issues_pollution_alert_as_ship_splits_off_Basque_coast$AAA$.html.txt	0	0.8562594678477881	1	0.14283958605044136	3	5.356112803283194E-4	2	3.6533482144229107E-4	
1	NSW_Parliament_passes_alcohol-fuelled_violence_bill_hours_after_drafting$AAA$.html.txt	3	0.6611078720680224	0	0.3385846193204859	2	1.7929193835349876E-4	1	1.282166731383129E-4	
2	20.html.txt	2	0.7385705433892032	3	0.2606266728419203	0	6.031831863267013E-4	1	1.9960058254970598E-4	
3	32.html.txt	1	0.9995565368379921	0	2.0711604163344948E-4	3	1.4050805425201094E-4	2	9.583906612253638E-5	
4	Canadian_city_announces_first_Studios_of_Brampton_tour$AAA$.html.txt	0	0.743018823320248	2	0.2564551418195135	3	3.5357003131177266E-4	1	1.7246482892666366E-4	
5	7.html.txt	0	0.8048705215223324	3	0.19458107322333668	2	3.197459758126118E-4	1	2.2865927851828884E-4	
6	Northumbria_Police_arrest,_bail_man_over_murder_of_seven-year-old$AAA$.html.txt	2	0.9213375593488244	0	0.07769739750311855	3	6.486458633579852E-4	1	3.1639728469910663E-4	
7	81.html.txt	0	0.7924478725861718	3	0.20723727520783616	2	1.8357359825901278E-4	1	1.3127860773300907E-4	
8	60.html.txt	1	0.8698383073771121	0	0.12930162231568723	3	5.113106738647196E-4	2	3.487596333359527E-4	
9	Jade_Rabbit_lunar_rover_declared_lost$AAA$.html.txt	0	0.991521219847689	1	0.0076377876982251765	3	4.999689151149834E-4	2	3.4102353897076963E-4	
10	47.html.txt	1	0.6999389791097396	2	0.17774702571197473	0	0.09130939005893834	3	0.031004605119347446	
11	43.html.txt	1	0.8458268629320601	0	0.09207555434145129	2	0.06107686315904818	3	0.0010207195674404473	
12	Football__Ronaldo_to_play_for_Corinthians$AAA$.html.txt	2	0.5407880048752265	0	0.45869408450567584	3	3.481093890395265E-4	1	1.698012300582341E-4	
13	Large_earthquakes_reported_in_Indonesia_and_Japan$AAA$.html.txt	0	0.9991066806986327	3	4.116924068564648E-4	2	2.808110610662604E-4	1	2.0081583344459908E-4	
14	57.html.txt	3	0.7404314928368705	1	0.16600662685521822	2	0.08542284657641326	0	0.008139033731498185	
15	48.html.txt	3	0.9797621936172378	0	0.018879688369750795	2	7.918464783289337E-4	1	5.662715346824393E-4	
16	80.html.txt	0	0.8134848025803532	3	0.1722101706842644	2	0.014151791756183455	1	1.532349791990314E-4	
17	3.html.txt	1	0.9908194359183697	0	0.0042877114841732315	3	0.0029087944761970828	2	0.0019840581212598415	
18	China_anti-textbook_protests_grow_larger$AAA$.html.txt	0	0.9994630323447852	3	2.474652747803357E-4	2	1.687934614066068E-4	1	1.2070891902783093E-4	
19	15.html.txt	2	0.46568865052739616	1	0.45983976439576285	0	0.04437051429359535	3	0.030101070783245684	
20	British_scholar_Tony_Judt_dies_aged_62$AAA$.html.txt	0	0.5353798617641592	3	0.4643651619228607	2	1.4866314529101308E-4	1	1.063131676891672E-4	
21	41.html.txt	0	0.9921049713382581	3	0.007350399096589089	2	3.1754457199471457E-4	1	2.270849931580165E-4	
22	Piers_Morgan_interviewed_by_police_investigating_phone_hacking$AAA$.html.txt	3	0.7733046864131973	2	0.21561759207312114	1	0.010102881805849853	0	9.748397078317045E-4	
23	73.html.txt	2	0.8372244595337608	0	0.15642272572928634	3	0.0061624311117298896	1	1.9038362522292315E-4	
24	Mexico_and_world_react_to_murdered_journalists$AAA$.html.txt	3	0.6753360385001741	0	0.32226726163332897	2	0.002323443806053505	1	7.32560604434635E-5	
25	2011_BRIT_Awards_highlights$AAA$.html.txt	2	0.7820174066878113	0	0.21779706460655715	3	1.2470160291214259E-4	1	6.082710271945867E-5	
26	72.html.txt	2	0.9366842401841478	0	0.06298400889326895	3	2.2298367076336863E-4	1	1.0876725181986143E-4	
27	Leak_suggests_John_Kerry_will_recognise_Israel_as_Jewish_state$AAA$.html.txt	0	0.8926200667867886	3	0.10699638478083874	2	2.2362671913127703E-4	1	1.5992171324131775E-4	
28	58.html.txt	3	0.9925953916709894	0	0.0071357673739112235	2	1.5674688170437713E-4	1	1.1209407339506145E-4	
29	65.html.txt	2	0.5362561433051902	0	0.4357004611391658	3	0.0272029801601834	1	8.404153954605659E-4	
30	Over_100_people_die_in_stampede_at_Hindu_temple_near_Jodhpur__India$AAA$.html.txt	0	0.6863286964252096	1	0.3129871311561403	3	4.0673960894926464E-4	2	2.7743280970090906E-4	
31	87.html.txt	3	0.998751945361833	0	6.958209786494531E-4	2	3.2197811553512666E-4	1	2.302555439824753E-4	
32	1.html.txt	1	0.9908194359183697	0	0.0042877114841732315	3	0.0029087944761970828	2	0.0019840581212598415	
33	Japan_government_panel_urges_reinterpretation_of_pacifist_constitution$AAA$.html.txt	0	0.7288337101763026	3	0.2708370216918475	2	1.9197875893951416E-4	1	1.3728937291042627E-4	
34	54.html.txt	2	0.9993585958955493	0	3.192153683946512E-4	3	2.1655652525384884E-4	1	1.0563221080217776E-4	
35	64.html.txt	3	0.4752580974936865	1	0.45983976439576285	0	0.04437051429359535	2	0.020531623816955266	
36	Haunted_attractions_in_Texas_prepare_for_2013_Halloween_season$AAA$.html.txt	0	0.853705509333026	2	0.14171335113655942	1	0.004299682678134541	3	2.814568522800325E-4	
37	Toll_New_Zealand_announces_that_the_Overlander_train_service_will_stay$AAA$.html.txt	0	0.5781414488489037	1	0.4214022107538079	3	2.7129376993451266E-4	2	1.8504662735384657E-4	
38	50.html.txt	3	0.9986167557924484	0	7.711924692843806E-4	2	3.568548600776814E-4	1	2.551968781897303E-4	
39	Rick_Perry_withdraws_from_U.S._presidential_race__endorses_Gingrich$AAA$.html.txt	3	0.576931852763976	0	0.41910443829664956	2	0.003842556639204599	1	1.2115230016994948E-4	
40	Slave_workers_in_Italy_freed_by_police$AAA$.html.txt	3	0.8165432416531271	0	0.1828803826916636	2	3.3605403094537784E-4	1	2.4032162426390082E-4	
41	9.html.txt	2	0.873079509942158	3	0.12541723180643197	0	0.0011294948118178256	1	3.7376343959229577E-4	
42	78.html.txt	2	0.46568865052739616	1	0.45983976439576285	0	0.04437051429359535	3	0.030101070783245684	
43	Sky_purchases_UK_Glee_rights$AAA$.html.txt	0	0.8083684988185762	2	0.19123108838711145	3	2.6913418657935903E-4	1	1.3127860773300907E-4	
44	Two_dead_in_storms_with_no_sign_of_floods_letting_up_in_Britain$AAA$.html.txt	1	0.5052431104952692	0	0.27206768359076283	3	0.21981718793329413	2	0.0028720179806738535	
45	Chubu_International_Airport_opens$AAA$.html.txt	0	0.9803497002127043	2	0.018729424829807738	3	6.189585751136093E-4	1	3.0191638237441805E-4	
46	Pop_culture_celebrated_at_Fan_Expo_Canada_2016_in_Toronto$AAA$.html.txt	2	0.5245871144075693	0	0.45688537351817815	3	0.018441449224048823	1	8.606285020362663E-5	
47	Researchers_survey_planet-sized_space_weather_explosions_at_Venus$AAA$.html.txt	1	0.5954934621458876	0	0.40351095985689855	3	5.918698185235472E-4	2	4.037081786904042E-4	
48	2.html.txt	1	0.9908194359183697	0	0.0042877114841732315	3	0.0029087944761970828	2	0.0019840581212598415	
49	UK_drugs_policy_petition_reaches_signatures,_may_prompt_Parliamentary_debate$AAA$.html.txt	0	0.9992446476276047	3	3.481093890395265E-4	2	2.374417532976223E-4	1	1.698012300582341E-4	
50	New_Zealand_Labour_party_drops_in_latest_poll$AAA$.html.txt	0	0.9888334736229732	3	0.010755046716293312	2	2.39911934849673E-4	1	1.7156772588375818E-4	
51	45.html.txt	2	0.8939866998660059	0	0.10539324154747128	3	4.1676731035018713E-4	1	2.032912761726406E-4	
52	Kenyan_court_jails_seven_pirates_for_2009_attempted_hijack_of_Maltese_ship$AAA$.html.txt	0	0.9992709212238067	3	3.3600101967969954E-4	2	2.2918276189751944E-4	1	1.6389499461606224E-4	
53	13.html.txt	3	0.9204151242041274	0	0.04437051429359535	2	0.020531623816955266	1	0.014682737685322047	
54	36.html.txt	0	0.9921589557696839	3	0.007300138719713618	2	3.153732735858131E-4	1	2.2553223701662794E-4	
55	84.html.txt	1	0.9157223080038918	0	0.06903266821139536	3	0.015019207291652018	2	2.2581649306083619E-4	
56	14.html.txt	1	0.5260051945807643	3	0.2876872820462841	0	0.18623659302176604	2	7.093035118557712E-5	
57	UK_drugs_policy_petition_reaches_signatures_may_prompt_Parliamentary_debate$AAA$.html.txt	0	0.9992446476276047	3	3.481093890395265E-4	2	2.374417532976223E-4	1	1.698012300582341E-4	
58	Windows_Vista_faces_possible_trademark_challenges$AAA$.html.txt	0	0.5462117947254167	1	0.24213052948463587	2	0.2113095664009079	3	3.481093890395265E-4	
59	29.html.txt	3	0.9945152949378291	0	0.0027682412067256607	1	0.0026003590761829566	2	1.1610477926229064E-4	
60	Mississippi_tornado_kills_at_least_ten$AAA$.html.txt	0	0.9365647626017127	1	0.06288641627833813	3	3.2627343872121905E-4	2	2.2254768122790866E-4	
61	Watchdog_finds_police_could_have_prevented_Tayside_Scotland_road_crash$AAA$.html.txt	3	0.5922976988074662	0	0.40713825474496373	2	3.288655248242696E-4	1	2.3518092274576753E-4	
62	21.html.txt	0	0.9834641476801916	2	0.016212628427240278	3	2.1725229724163075E-4	1	1.0597159532636827E-4	
63	67.html.txt	2	0.6302745379242021	0	0.3387365746117778	3	0.020828927394667743	1	0.010159960069352351	
64	8.html.txt	1	0.9593216076610743	0	0.018998528678462766	3	0.012888650619280248	2	0.008791213041182586	
65	44.html.txt	3	0.9269388485329265	2	0.0728137705487941	0	1.858732280213086E-4	1	6.150769025805187E-5	
66	31.html.txt	1	0.8068375725917236	2	0.19246317824387324	0	4.1661588123736293E-4	3	2.8263328316571496E-4	
67	27.html.txt	0	0.9993918065561889	3	2.80290174334861E-4	2	1.9118298018272877E-4	1	1.3672028929358237E-4	
68	30.html.txt	3	0.9904355879941724	0	0.008922563774685194	2	3.7422761246260166E-4	1	2.676206186797148E-4	
69	Ghana_bans_gay_and_lesbian_conference$AAA$.html.txt	3	0.8770808198624211	0	0.12257411263231767	2	2.0119053440794936E-4	1	1.4387697085323605E-4	
70	55.html.txt	3	0.8671531270529674	2	0.11433234002104242	0	0.018428916869581796	1	8.561605640839639E-5	
71	56.html.txt	3	0.9926265612969656	0	0.00411087237486023	2	0.0019022291380635828	1	0.0013603371901105535	
72	Motor_sport_legend_Peter_Brock_dies_in_rally$AAA$.html.txt	3	0.8025222323337928	0	0.19674016263708854	2	4.300583153376002E-4	1	3.0754671378105804E-4	
73	Scottish_Parliament_approve_same-sex_marriage$AAA$.html.txt	0	0.5035758916684885	3	0.4958304301251655	2	3.461422295057915E-4	1	2.4753597684022634E-4	
74	Job_market_in_France_suffers_as_unemployment_rate_hits_fifteen_year_high$AAA$.html.txt	0	0.9992485163410809	3	3.4632646555400983E-4	2	2.3622563993864448E-4	1	1.689315534264841E-4	
75	39.html.txt	3	0.9166934626101854	0	0.08305480663591595	2	1.4677083217515835E-4	1	1.0495992172351472E-4	
76	37.html.txt	3	0.5914455231891278	1	0.21390644584603816	0	0.09898749351100314	2	0.09566053745383092	
77	26.html.txt	0	0.9996652009500463	3	1.5429446836950932E-4	2	1.0524263420433325E-4	1	7.526194737984827E-5	
78	85.html.txt	1	0.9986427984883739	0	6.338704741880273E-4	3	4.3001935665409766E-4	2	2.933116807839703E-4	
79	Tanzania_accused_of_supporting_terrorism_to_destabilise_Burundi$AAA$.html.txt	0	0.5292987335540655	3	0.4704107006818071	2	1.6941346395739883E-4	1	1.2115230016994948E-4	
80	82.html.txt	3	0.9657564250092641	0	0.030613235014087692	2	0.0035193772280466044	1	1.1096274860163072E-4	
81	71.html.txt	2	0.720234897800114	0	0.27894215548086715	3	5.531369101271176E-4	1	2.6980980889179874E-4	
82	Former_Greek_Culture_Ministry_official_attempts_suicide$AAA$.html.txt	0	0.9991859783098723	3	3.7514755175340885E-4	2	2.558841997321874E-4	1	1.8298993864204828E-4	
83	74.html.txt	2	0.9108456772378369	0	0.04437051429359535	3	0.030101070783245684	1	0.014682737685322047	
84	77.html.txt	1	0.9049967911062038	0	0.04437051429359535	3	0.030101070783245684	2	0.020531623816955266	
85	Northumbria_Police_arrest_bail_man_over_murder_of_seven_year_old$AAA$.html.txt	2	0.9884861622007968	3	0.010241303413639753	0	9.561371008644119E-4	1	3.1639728469910663E-4	
86	62.html.txt	2	0.5687424292116744	0	0.34328823435684663	3	0.08703354500495084	1	9.357914265280811E-4	
87	61.html.txt	2	0.9997770365438038	0	1.1096493039935933E-4	3	7.527889359829171E-5	1	3.671963219860599E-5	
88	Transcript_of_9_11_confession_by_Khalid_Sheikh_Mohammed_released$AAA$.html.txt	3	0.6475096657131325	0	0.3522417675059813	2	1.4492608756284817E-4	1	1.0364069332344079E-4	
89	79.html.txt	3	0.7268442870586072	0	0.27151609867993404	2	9.559719894114487E-4	1	6.836422720473005E-4	
90	17.html.txt	0	0.6463497864856543	3	0.1977179737551967	2	0.1557350260810056	1	1.9721367814343478E-4	
91	Wiki_loves_the_European_Parliament_in_Strasbourg$AAA$.html.txt	2	0.5684799183413688	0	0.4231682100003776	1	0.008169731184031005	3	1.8214047422262172E-4	
92	11.html.txt	1	0.7051296284315142	3	0.2940917394785495	0	5.323138386769706E-4	2	2.4631825125931786E-4	
93	Connecticut_ex-death_row_inmate_Robert_Courchesne_dies$AAA$.html.txt	0	0.5879935466468631	2	0.4114691812169896	3	3.611230744564433E-4	1	1.761490616909295E-4	
94	White_House_reverses_Geneva_Conventions_stance$AAA$.html.txt	0	0.6309013800288009	3	0.36860497091832356	2	2.8782054306393875E-4	1	2.0582850981152665E-4	
95	76.html.txt	1	0.6373215892872091	0	0.3102122842355345	2	0.05227026927100487	3	1.9585720625150873E-4	
96	Indiana_legislators_vote_for_state_constitutional_ban_on_same-sex_marriage$AAA$.html.txt	3	0.9994434822218593	0	3.102722694820571E-4	2	1.4357267701893867E-4	1	1.026728316397311E-4	
97	10.html.txt	1	0.46347385541610286	2	0.33320297662840115	3	0.2029623529379048	0	3.6081501759119733E-4	
98	FLDS_couple_reunited_with_child__Texas_fear_families_will_flee_justice$AAA$.html.txt	3	0.6500228664059212	0	0.3405391581909735	1	0.006231435160039287	2	0.0032065402430660308	
99	Two_Fox_News_journalists_kidnapped_in_Gaza$AAA$.html.txt	0	0.8423670995033389	3	0.15721926926777094	2	2.4116639996351854E-4	1	1.7246482892666366E-4	
100	86.html.txt	0	0.9986058954972524	3	6.424827463899025E-4	2	4.38230724506452E-4	1	3.1339103185122836E-4	
101	5.html.txt	1	0.7959217373242085	0	0.2012521414534305	3	0.0016801253740894508	2	0.0011459958482714916	
102	Canadian_jail_inmates_used_nail_clippers_to_escape__report_finds$AAA$.html.txt	0	0.6537019043620159	2	0.3456663559347823	3	4.2461867744034967E-4	1	2.0712102576148886E-4	
103	52.html.txt	1	0.9049967911062038	0	0.04437051429359535	3	0.030101070783245684	2	0.020531623816955266	
104	Lewis__Scooter__Libby_indicted_on_five_charges$AAA$.html.txt	3	0.815825817327347	0	0.18405685837851196	2	6.840556435293237E-5	1	4.89187297880011E-5	
105	66.html.txt	2	0.5228249881317284	3	0.3450309992156804	0	0.13175250300914843	1	3.91509643442677E-4	
106	6.html.txt	1	0.645831510275863	3	0.30316336515730075	0	0.05093194333880719	2	7.318122802910615E-5	
107	Cyclist_dies_in_crash_with_car_in_Edinburgh_Scotland$AAA$.html.txt	3	0.9854913035395118	2	0.012875920987680416	0	0.0012268094478576268	1	4.0596602495023096E-4	
108	Chilean_miner_Edison_Pe_a_completes_New_York_Marathon$AAA$.html.txt	0	0.914059381515908	1	0.08529526515196753	3	3.83661712730648E-4	2	2.61691619393782E-4	
109	40.html.txt	2	0.5280754859546801	1	0.3529542208837742	3	0.11062092233117163	0	0.008349370830373948	
110	Denny_s_Super_Bowl_free__Grand_Slam_Breakfast__brings_2_million_diners$AAA$.html.txt	1	0.6561382915799695	0	0.3159911581218772	2	0.017397426656745044	3	0.010473123641408228	
111	46.html.txt	3	0.9204151242041274	0	0.04437051429359535	2	0.020531623816955266	1	0.014682737685322047	
112	22.html.txt	0	0.9984431821224979	3	7.174703356851154E-4	2	4.893789705418259E-4	1	3.4996857127514506E-4	
113	33.html.txt	1	0.9993889269852764	0	2.853969276399734E-4	3	1.936140082435717E-4	2	1.3206207884014878E-4	
114	24.html.txt	0	0.9817883721848961	3	0.01805412448003901	2	9.18318290467149E-5	1	6.567150601808586E-5	
115	Texas_man_foils_burglary_in_Britain$AAA$.html.txt	2	0.5590836492961946	0	0.3102323312171667	3	0.13035499741780857	1	3.2902206883020005E-4	
116	4.html.txt	1	0.6262273056694854	2	0.32224086512413574	0	0.030702901811711328	3	0.020828927394667743	
117	75.html.txt	0	0.9018017623613701	3	0.09768538622933395	2	2.9901641717909285E-4	1	2.1383499211688345E-4	
118	Man_in_Glasgow_Scotland_seriously_injured_after_being_hit_by_car$AAA$.html.txt	3	0.9982684206448871	0	9.65397831663343E-4	2	4.4671975137049847E-4	1	3.194617720790673E-4	
119	70.html.txt	0	0.6874582963875377	2	0.311961014643534	3	3.903053437054189E-4	1	1.9038362522292315E-4	
120	0.html.txt	0	0.6993396157983646	3	0.29994285071336474	2	4.183556659486608E-4	1	2.991778223220593E-4	
121	51.html.txt	0	0.9797520821811221	3	0.009331393610242931	2	0.0063648454459662145	1	0.004551678762668719	
122	Football__FC_Bayern__Jupp_Heynckes_reach_agreement__club_s_head_coach_until_season_end$AAA$.html.txt	1	0.578353399148265	0	0.421230342115548	3	2.474652747803357E-4	2	1.687934614066068E-4	
123	83.html.txt	3	0.9420560286372524	2	0.05756304243690823	0	2.862164534958362E-4	1	9.47124723435793E-5	
124	US_Treasury_Secretary___We_need_the_ability_to_seize_firms_$AAA$.html.txt	0	0.5820938687499001	1	0.4132116819000168	2	0.004409433453017645	3	2.8501589706551633E-4	
125	UK_education_secretary_Michael_Gove_to_drop_GCSEs_in_favour_of_new_O-level-style_exams$AAA$.html.txt	0	0.9996089916426655	3	1.801989182206482E-4	2	1.229117870181528E-4	1	8.789765209566042E-5	
126	Hamas_returns_rocket-prevention_forces_to_action$AAA$.html.txt	0	0.9990956688141092	3	4.1676731035018713E-4	2	2.842725993680292E-4	1	2.032912761726406E-4	
127	World_Health_Organisation__China_engaging_in_bird_flu_cover_up$AAA$.html.txt	3	0.5945292841425065	0	0.4052626784293711	2	1.2129557464166511E-4	1	8.674185348083568E-5	
128	New_South_Wales_government_starts_trial_of_hunting_in_national_parks$AAA$.html.txt	3	0.7971079877798224	0	0.2025784082072543	2	1.8284584317716963E-4	1	1.3075816974616856E-4	
129	Scientists_discover_new_kind_of_shark_in_northwest_Atlantic$AAA$.html.txt	1	0.8069512652977452	0	0.19210283360236508	3	5.623369679720683E-4	2	3.8356413191772834E-4	
130	19.html.txt	2	0.8544484423490957	3	0.12946488305870862	0	0.012086955434465568	1	0.003999719157730217	
131	Court_rules_Massey_can_appeal_US_restrictions_in_mine_disaster_investigation$AAA$.html.txt	1	0.46885109322011015	0	0.4023822084432053	3	0.12865694794840254	2	1.097503882819887E-4	
132	Hamas_returns_rocket_prevention_forces_to_action$AAA$.html.txt	0	0.9990956688141092	3	4.1676731035018713E-4	2	2.842725993680292E-4	1	2.032912761726406E-4	
133	New_insulin-resistance_discovery_may_help_diabetes_sufferers$AAA$.html.txt	0	0.9991722005118836	3	3.81497145685268E-4	2	2.602151909762569E-4	1	1.8608715145487925E-4	
134	Scottish_Justice_Secretary_acutely_aware_of_unusual_publicity_in_Kular_case$AAA$.html.txt	3	0.6407941753394061	0	0.23600390482509337	2	0.12311740072779916	1	8.45191077014325E-5	
135	42.html.txt	3	0.8026396063985543	2	0.15173446677891314	1	0.04506673544471285	0	5.591913778197648E-4	
136	38.html.txt	1	0.6046663609836083	3	0.38734323719295133	0	0.005462658837442768	2	0.002527742985997582	
137	25.html.txt	2	0.7342067211768903	0	0.26512812399279395	3	4.47078381982743E-4	1	2.180764483330124E-4	
138	49.html.txt	3	0.9204151242041274	0	0.04437051429359535	2	0.020531623816955266	1	0.014682737685322047	
139	34.html.txt	1	0.6737017627990931	2	0.30720379680663756	0	0.018784611707229892	3	3.098286870394158E-4	
140	Payment_pending__Canadian_recording_industry_set_for_six_billion_penalties_$AAA$.html.txt	2	0.7922873517508469	0	0.20760102253547288	3	7.502831098157986E-5	1	3.659740269865978E-5	
141	Indiana_legislators_vote_for_state_constitutional_ban_on_samesex_marriage$AAA$.html.txt	3	0.996330606855137	0	0.003423147636204369	2	1.4357267701893867E-4	1	1.026728316397311E-4	
142	Foxconn_employee_commits_suicide_over_missing_iPhone_in_China$AAA$.html.txt	0	0.9694096008652372	1	0.029914359697566666	3	4.019045621013787E-4	2	2.7413487509476194E-4	
143	35.html.txt	3	0.9991331759813366	0	4.832755862909437E-4	2	2.2362671913127703E-4	1	1.5992171324131775E-4	
144	Unidentified_plane_reportedly_shot_down_in_Kodori_gorge$AAA$.html.txt	0	0.5432229434916627	3	0.4564162502038122	2	2.103669923084341E-4	1	1.504393122167064E-4	
145	18.html.txt	2	0.7597476101875671	3	0.23970477743363866	0	4.1145647473082907E-4	1	1.3615590406334627E-4	
146	59.html.txt	3	0.5071413652360627	0	0.4922604673751723	2	3.487596333359527E-4	1	2.4940775542907215E-4	
147	Sandra_Fluke_declares_candidacy_for_California_State_Senate$AAA$.html.txt	3	0.6441000420132251	0	0.2706170038665488	2	0.08518277602401035	1	1.0017809621576946E-4	
148	Creator_of_website_satirizing_Glenn_Beck_on_winning_domain_name_case$AAA$.html.txt	2	0.9156456447396563	0	0.08430535857270956	3	3.293272307687876E-5	1	1.606396455737726E-5	
149	42_West_Papuan_asylum_seekers_get_temporary_Australian_visas$AAA$.html.txt	3	0.6431255563828925	0	0.3567655198648617	2	6.350765456013023E-5	1	4.5416097685678265E-5	
150	Toyota_employs_the_Japanese_hybrid_solar_powered_vehicle_carrier_ship__Auriga_Leader_$AAA$.html.txt	0	0.5761463662482356	1	0.42329401153276575	3	3.3269467799349346E-4	2	2.2692754100520204E-4	
151	Man_in_Glasgow,_Scotland_seriously_injured_after_being_hit_by_car$AAA$.html.txt	3	0.9982684206448871	0	9.65397831663343E-4	2	4.4671975137049847E-4	1	3.194617720790673E-4	
152	63.html.txt	1	0.99945031029154	0	2.567283289718981E-4	3	1.7416515732302329E-4	2	1.1879622216520933E-4	
153	68.html.txt	2	0.9923180557482307	1	0.006611245369056248	0	6.379273387364308E-4	3	4.3277154397655015E-4	
154	President_of_Kosovo_Fatmir_Sejdiu_resigns_over_breach_of_constitution$AAA$.html.txt	0	0.9991530878608591	3	3.903053437054189E-4	2	2.662231702125187E-4	1	1.9038362522292315E-4	
155	Warrants_issued_for_28_in_Iraqi_corruption_scandal$AAA$.html.txt	0	0.9990609416960863	3	4.3277154397655015E-4	2	2.9518891881265334E-4	1	2.110978411245191E-4	
156	16.html.txt	2	0.9868640371848516	0	0.006537534107062255	3	0.004435079918218774	1	0.002163348789867344	
157	23.html.txt	0	0.9986928357613918	3	6.024157215965339E-4	2	4.109014282682615E-4	1	2.9384708874340474E-4	
158	Four_found_dead_in_Leicestershire__England$AAA$.html.txt	0	0.9991066806986327	3	4.116924068564648E-4	2	2.808110610662604E-4	1	2.0081583344459908E-4	
159	53.html.txt	3	0.9989620721619195	0	5.786701495067723E-4	2	2.6776876520201334E-4	1	1.9148892337180886E-4	
160	Putin_delivers_eighth_annual_address_to_parliament$AAA$.html.txt	0	0.49185312083428623	1	0.33324481497751224	3	0.17481899799357245	2	8.306619462901877E-5	
161	28.html.txt	3	0.6480207067194579	0	0.21671798076465718	2	0.13520417352382563	1	5.713899205934591E-5	
162	69.html.txt	2	0.9988826770113306	0	5.560716979654449E-4	3	3.772404671774013E-4	1	1.8401082352648731E-4	
163	12.html.txt	1	0.6724486204159258	2	0.2598805870902903	0	0.0672207384771972	3	4.500540165867092E-4	
