#doc name topic proportion ...
0	Italian_parliament_votes_to_back_same-sex_civil_unions$AAA$.html.txt	2	0.4543622642355441	3	0.4139426532935621	9	0.13012474178855377	0	3.0554709655779337E-4	6	2.6244098925060213E-4	10	2.4561089781782334E-4	4	2.1425286099759384E-4	11	1.5900630682516817E-4	7	1.2909086638618247E-4	12	7.975620712517381E-5	8	6.369296035704363E-5	5	5.566987770567559E-5	1	5.527261931693576E-5	
1	138.html.txt	9	0.8113472866857704	2	0.04600342252740389	0	0.02478427568286129	6	0.021287748767200177	10	0.019922585653110975	4	0.01737899666738196	3	0.01527201629924015	11	0.012897704439234279	7	0.010471130823033024	12	0.006469378524877609	8	0.0051664175714002895	5	0.004515629871245279	1	0.004483406487240729	
2	20.html.txt	0	0.6952289750470372	9	0.2989322773303358	2	0.001639134282337062	6	7.584974526038919E-4	10	7.098557312199521E-4	4	6.192258676657835E-4	3	5.441526760662865E-4	11	4.5955427549344277E-4	7	3.7309375181043337E-4	12	2.305085044319307E-4	8	1.8408308975503306E-4	5	1.6089506653324065E-4	1	1.5974692471002508E-4	
3	Che_Guevara_s___Motorcycle_Diaries___companion_dies$AAA$.html.txt	8	0.4126890080297506	2	0.39272406762646184	9	0.18485958846204062	11	0.008316915431749939	0	2.80581144648668E-4	6	2.4099719485547356E-4	10	2.2554227359472572E-4	4	1.9674647103572199E-4	3	1.728934857393104E-4	7	1.1854297901165734E-4	12	7.323940610178493E-5	5	5.1121146903634074E-5	1	5.0756348106035865E-5	
4	Robert_Kubica_wins_2008_Canadian_Grand_Prix$AAA$.html.txt	5	0.6637655935162206	2	0.3027666653658594	7	0.01747575414616805	9	0.007812715062237355	10	0.007141810515929482	0	2.3865548959323265E-4	6	2.0498634575337197E-4	4	1.6734775756070713E-4	3	1.470589890787645E-4	11	1.2419600261720886E-4	12	6.229565547829497E-5	8	4.974903970255021E-5	1	4.31721138010834E-5	
5	32.html.txt	6	0.7920259626365772	9	0.1317085031951798	3	0.04377676819557146	0	0.03138898773730408	2	3.9740861190934267E-4	10	1.7210474080121927E-4	4	1.5013150245173976E-4	11	1.1141907572115413E-4	7	9.045669510836551E-5	12	5.588685793880236E-5	8	4.4631001842768614E-5	5	3.9009058466442366E-5	1	3.8730691127563576E-5	
6	142.html.txt	6	0.7275896010464861	9	0.27131857672452664	2	3.0010796740435886E-4	0	1.6168272250487547E-4	10	1.2996699717793335E-4	4	1.1337363784766771E-4	3	9.962853887666707E-5	11	8.41394759517083E-5	7	6.83094781883593E-5	12	4.220364339879027E-5	8	3.370364618396585E-5	5	2.9458166974480197E-5	1	2.924795447842656E-5	
7	94.html.txt	11	0.8240814146914172	9	0.13426338166347285	2	0.03378404159292098	3	0.006812930762704855	0	2.291019786650745E-4	6	1.9678062923029569E-4	10	1.841612743360677E-4	4	1.6064873449032262E-4	7	9.679350008508142E-5	12	5.980192601745989E-5	8	4.775755819389622E-5	5	4.174177820079726E-5	1	4.144391026512738E-5	
8	162.html.txt	3	0.7294356350467972	9	0.1490598525517949	0	0.11533269844543484	2	0.002885262894459629	10	0.0027003183885452547	6	1.509557456593662E-4	4	1.232379914581888E-4	11	9.146023904221417E-5	7	7.425291319311347E-5	12	4.5875675716368097E-5	8	3.66361152326281E-5	5	3.20212476100728E-5	1	3.179274505617336E-5	
9	7.html.txt	8	0.9959407626098908	7	0.0023777374190715826	9	5.736823675641429E-4	2	2.9456031394421223E-4	0	1.5869393242806437E-4	6	1.3630564022267466E-4	10	1.2756448894786176E-4	4	1.1127786658329611E-4	3	9.778685298872198E-5	11	8.258411353019187E-5	12	4.1423486875932514E-5	5	2.891361728005186E-5	1	2.8707290672437588E-5	
10	Twenty_dead_after_double_suicide_bombing_in_Iraq$AAA$.html.txt	2	0.6047229541262418	0	0.39119324135230527	9	0.001763666154344417	6	4.1904311148294036E-4	10	3.921702746571364E-4	4	3.4210046903466947E-4	3	3.006251764165981E-4	11	2.538875415295924E-4	7	2.0612114924944142E-4	12	1.273478250834402E-4	8	1.0169941960586438E-4	5	8.888885397160782E-5	1	8.825454607726713E-5	
11	81.html.txt	4	0.5962249783590434	9	0.30870524713571906	6	0.05565479778552213	0	0.03728352574547171	2	7.831686460791792E-4	10	3.3916486155022416E-4	3	2.5999292380583745E-4	11	2.195723093686648E-4	7	1.7826198354497784E-4	12	1.1013559735221811E-4	8	8.795380935109706E-5	5	7.68747092751892E-5	1	7.632613391630368E-5	
12	More_than_100_reported_dead_after_Syrian_troops_move_against_protesters$AAA$.html.txt	0	0.47681659440196267	2	0.4241566994586422	9	0.09745474361556365	6	2.8391413049293625E-4	10	2.657069869026823E-4	4	2.317832092824129E-4	3	2.03682469005528E-4	11	1.7201633584018003E-4	7	1.3965318904363456E-4	12	8.62819266990943E-5	8	6.89043716453283E-5	5	6.022483366103497E-5	1	5.979507125866728E-5	
13	Large_earthquake_off_Japan__tsunami_warning_issued$AAA$.html.txt	4	0.7542403010662858	2	0.11266631543005758	0	0.08286854112810561	9	0.030913830855793804	11	0.011991091365895918	6	0.006237749110646019	10	3.251804147510978E-4	3	2.4927289463036917E-4	7	1.7091188479418986E-4	12	1.0559448600352958E-4	8	8.432729756556299E-5	5	7.370501098408838E-5	1	7.317905448638613E-5	
14	60.html.txt	12	0.8719478954579646	9	0.127187319076105	2	2.1836844314409448E-4	0	1.1764567499508347E-4	6	1.0104840685640292E-4	10	9.456826847791983E-5	4	8.249439361608233E-5	3	7.249300681812786E-5	11	6.122265439817064E-5	7	4.970422655883425E-5	8	2.452388321818719E-5	5	2.1434732692147075E-5	1	2.1281775155265634E-5	
15	Six_killed_and_hundreds_injured_in_Bahrain$AAA$.html.txt	2	0.650516361765159	0	0.298222703987984	9	0.042283476195474956	6	0.007166418784304578	10	3.735929405341012E-4	4	3.25894970740694E-4	3	2.863843868693276E-4	11	2.4186074094457923E-4	7	1.963570704630555E-4	12	1.2131528450273134E-4	8	9.688185891800075E-5	5	8.467813723258942E-5	1	8.40738768723214E-5	
16	Man_with_knife_stabs_people_in_Finnish_city_of_Turku$AAA$.html.txt	2	0.5277679336657751	6	0.4219625910988929	9	0.030732805832745173	0	0.017969546808653623	10	3.232762252525566E-4	4	2.820023735438527E-4	3	2.4781320392731925E-4	11	2.0928614779917968E-4	7	1.699110600168118E-4	12	1.0497614645345034E-4	8	8.383349428842648E-5	5	7.327340962822816E-5	1	7.275053302339209E-5	
17	US_Senate_blocks_Alaska_refuge_drilling$AAA$.html.txt	2	0.5136895928876398	3	0.3238809522398819	11	0.14676429053529674	0	0.0065254403901253396	6	0.006466278497872155	9	0.0015159769269587975	10	3.3709389180873987E-4	4	2.940558883441972E-4	7	1.771735005804065E-4	12	1.0946309994628338E-4	8	8.741675584566656E-5	5	7.640530570529509E-5	1	7.586007999461305E-5	
18	47.html.txt	10	0.3807983538202978	5	0.36539139803843207	9	0.08959575035139676	2	0.04600342252740389	0	0.02478427568286129	6	0.021287748767200177	4	0.01737899666738196	3	0.01527201629924015	11	0.012897704439234279	7	0.010471130823033024	12	0.006469378524877609	8	0.0051664175714002895	1	0.004483406487240729	
19	93.html.txt	11	0.7434644751890276	9	0.25407296209695224	2	6.445694706423838E-4	0	3.472608466824508E-4	6	2.9826982863869584E-4	10	2.7914206775819155E-4	4	2.4350298449027816E-4	3	2.1398137183769662E-4	7	1.467145460233746E-4	12	9.064464472576035E-5	8	7.238841929926562E-5	5	6.32700133124152E-5	1	6.281852060972016E-5	
20	96.html.txt	7	0.44052015080271906	9	0.3202050613178356	0	0.14733808775573368	6	0.07750854790056659	10	0.014033527130359241	2	1.6182008032581994E-4	4	6.1131769816097E-5	3	5.372032706497275E-5	11	4.536852811619181E-5	12	2.2756466693977246E-5	8	1.8173215392891813E-5	5	1.5884026629786052E-5	1	1.5770678746052404E-5	
21	43.html.txt	9	0.4943498658154331	1	0.4210649382726905	6	0.0519685794149677	0	0.031296013020266085	2	4.399237890962089E-4	10	1.9051668088150296E-4	4	1.6619272316208066E-4	3	1.4604398778153116E-4	11	1.233388016765704E-4	7	1.001338442818409E-4	12	6.186569079868872E-5	8	4.940567177821913E-5	5	4.318228718593462E-5	
22	127.html.txt	4	0.7368964108293514	9	0.25903917586202985	2	0.0010916848563981656	0	5.881435978738223E-4	6	5.051692174015434E-4	10	4.727731951865274E-4	3	3.624127946266369E-4	11	3.060691540987841E-4	7	2.4848531524061606E-4	12	1.5352167682109518E-4	8	1.226017438412831E-4	5	1.0715821729570485E-4	1	1.0639353983461562E-4	
23	Indian_airliner_crashes__nearly_160_presumed_dead$AAA$.html.txt	10	0.5624868728959502	2	0.37158260655401515	9	0.06465571872384789	0	2.574422564901797E-4	6	2.2112270490978332E-4	4	1.8052123753126368E-4	3	1.586353536226194E-4	11	1.3397261137939966E-4	7	1.0876700943693993E-4	12	6.719951903558412E-5	8	5.366524382520316E-5	5	4.6905302313585094E-5	1	4.6570587642233305E-5	
24	57.html.txt	5	0.6103684316130599	10	0.19585828742437264	9	0.17330149582390808	6	0.018125083503229843	2	7.553261206780178E-4	0	4.0693082768349814E-4	4	2.853442072974087E-4	3	2.5074988321499336E-4	11	2.1176626704100674E-4	7	1.7192456972004968E-4	12	1.0622015310888307E-4	8	8.482695259649297E-5	1	7.361265408922403E-5	
25	48.html.txt	9	0.9327292338085121	2	0.016404139789362806	0	0.008837705991061304	6	0.007590896228861394	10	0.007104099261843103	4	0.006197093065429634	3	0.005445775041822752	11	0.004599130563754257	7	0.003733850316711052	12	0.0023068846586180936	8	0.0018422680617074811	5	0.0016102067971313222	1	0.001598716415184586	
26	Zimbabwe_opposition_claims_early_victory_in_election$AAA$.html.txt	11	0.4581359659829994	2	0.2804422395081423	0	0.13731813104730992	9	0.12325508455707924	6	1.720948589907486E-4	10	1.6105857910094922E-4	4	1.4049564440003258E-4	3	1.234623501180966E-4	7	8.465093242927054E-5	12	5.229988371114263E-5	8	4.1766459815017685E-5	5	3.6505348425745114E-5	1	3.6244847478129076E-5	
27	80.html.txt	9	0.6636388870268409	3	0.3308872768010112	2	0.0014523831234300266	0	7.824692544730175E-4	6	6.720797137839537E-4	10	6.289798799302609E-4	4	5.486757305245362E-4	11	4.07195969981878E-4	7	3.305861358802551E-4	12	2.042460250216328E-4	8	1.6310998784545383E-4	5	1.4256384104348636E-4	1	1.4154651023336816E-4	
28	3.html.txt	9	0.5961949691987568	10	0.27981860117411966	2	0.03380427780660744	0	0.018212004550746386	6	0.015642683384590128	4	0.012770450524508797	3	0.011222197247150885	11	0.00947750319384757	7	0.00769440610816036	12	0.0047538347556812625	8	0.0037963917737754756	5	0.0033181793495572942	1	0.003294500932498	
29	145.html.txt	11	0.5188442765461994	10	0.18663132769079918	9	0.16715200318279624	6	0.1258615660402462	2	5.165807711457365E-4	0	2.7830712458218326E-4	4	1.9515190407469002E-4	3	1.7149223956352766E-4	7	1.1758222623779959E-4	12	7.264582423675465E-5	8	5.801463948698638E-5	5	5.070682642594787E-5	1	5.034498420544612E-5	
30	U.S._launches_airstrikes_against_Basra_militants$AAA$.html.txt	0	0.674680737496926	2	0.29214535340061554	9	0.03214932328495576	6	1.8505173442853685E-4	10	1.7318454242045984E-4	4	1.5107344187009457E-4	3	1.3275772536125116E-4	11	1.1211812966829059E-4	7	9.102422907282485E-5	12	5.623749743551609E-5	8	4.491102102082143E-5	5	3.9253805033567815E-5	1	3.897369119135701E-5	
31	115.html.txt	7	0.8164646082998274	9	0.1428019711933057	2	0.036463091651182084	0	8.007147901344906E-4	6	6.87751197762524E-4	10	6.436463665225624E-4	4	5.614696934191071E-4	3	4.933986969178531E-4	11	4.1669092272160723E-4	12	2.090086123206777E-4	8	1.6691336936231735E-4	5	1.4588812967326434E-4	1	1.4484707685046716E-4	
32	123.html.txt	1	0.99846363402074	9	5.028101984412931E-4	2	2.581706154506468E-4	0	1.3908903631531367E-4	6	1.194665722428145E-4	10	1.1180529440756253E-4	4	9.753070573955708E-5	3	8.570635901705902E-5	11	7.238175140108568E-5	7	5.876385148162216E-5	12	3.6306069061620844E-5	8	2.899386895157428E-5	5	2.534165674982679E-5	
33	Two_die_in_school_bus_accident_in_Missouri__several_others_injured$AAA$.html.txt	2	0.6122622260907449	10	0.3465776454069802	9	0.031289980661642826	4	0.0077200400255557425	0	5.058379115456178E-4	6	4.344750887900541E-4	3	3.116962112893355E-4	11	2.632373832811447E-4	7	2.1371191213414068E-4	12	1.3203762594866204E-4	8	1.0544467419303647E-4	5	9.216233762938905E-5	1	9.15046702649534E-5	
34	136.html.txt	4	0.3782547648345687	8	0.3660421857385871	9	0.08959575035139676	2	0.04600342252740389	0	0.02478427568286129	6	0.021287748767200177	10	0.019922585653110975	3	0.01527201629924015	11	0.012897704439234279	7	0.010471130823033024	12	0.006469378524877609	5	0.004515629871245279	1	0.004483406487240729	
35	Hurricane_Katrina_causes_upwards_of__12bn_of_damage__oil_prices_surge$AAA$.html.txt	2	0.4411424129615365	4	0.23050467473614028	1	0.22031433790202032	11	0.06024767258991396	9	0.031277172186563916	0	0.010355245543914274	7	0.005150976361903026	6	2.9528371179657093E-4	10	2.7634744775360495E-4	3	2.1183910561767088E-4	12	8.973715937432744E-5	8	7.166370544191405E-5	5	6.263658802358878E-5	
36	15.html.txt	9	0.4504715185185836	1	0.3653591746544276	2	0.04600342252740389	0	0.02478427568286129	6	0.021287748767200177	10	0.019922585653110975	4	0.01737899666738196	3	0.01527201629924015	11	0.012897704439234279	7	0.010471130823033024	12	0.006469378524877609	8	0.0051664175714002895	5	0.004515629871245279	
37	41.html.txt	10	0.3807983538202978	4	0.3782547648345687	9	0.08959575035139676	2	0.04600342252740389	0	0.02478427568286129	6	0.021287748767200177	3	0.01527201629924015	11	0.012897704439234279	7	0.010471130823033024	12	0.006469378524877609	8	0.0051664175714002895	5	0.004515629871245279	1	0.004483406487240729	
38	114.html.txt	8	0.9915705510227055	9	0.0027656259976495145	2	0.0014200256242472564	0	7.650366997608975E-4	6	6.571065166717742E-4	10	6.149668997306856E-4	4	5.364518384841734E-4	3	4.7141393590714243E-4	11	3.9812409145798054E-4	7	3.2322104023227064E-4	12	1.9969564814028095E-4	5	1.393876754053434E-4	1	1.3839300960718105E-4	
39	Bush_Administration_changes_official_position_on_legitimacy_of_Qur_an_desecration_allegations$AAA$.html.txt	11	0.3891280384095385	9	0.2879582470912975	2	0.19764891095419437	0	0.1247073401168573	6	1.1305559158755478E-4	10	1.0580544385400641E-4	4	9.229687793273527E-5	3	8.11070656802222E-5	7	5.561038429825368E-5	12	3.4357762501443506E-5	8	2.743795980075441E-5	5	2.398173766831867E-5	1	2.3810604788960354E-5	
40	Tour_de_France__Alberto_Contador_wins_the_grand_tour$AAA$.html.txt	7	0.5411086776607011	2	0.4553548086737998	9	0.001428737018876695	0	3.952220056785023E-4	6	3.3946470220918765E-4	10	3.17695153204302E-4	4	2.7713385726710674E-4	3	2.4353493278459393E-4	11	2.0567301148315036E-4	12	1.0316382809862198E-4	8	8.23861847273379E-5	5	7.200841039100641E-5	1	7.149456077849449E-5	
41	154.html.txt	6	0.8552913418476233	9	0.14199289048444627	2	7.464800524541992E-4	0	4.021650215429242E-4	10	3.232762252525566E-4	4	2.820023735438527E-4	3	2.4781320392731925E-4	11	2.0928614779917968E-4	7	1.699110600168118E-4	12	1.0497614645345034E-4	8	8.383349428842648E-5	5	7.327340962822816E-5	1	7.275053302339209E-5	
42	73.html.txt	3	0.8646376618986692	2	0.08828391918122967	9	0.01944032568856931	0	0.005377647816335306	6	0.004618977658959465	10	0.004322767007764201	4	0.0037708636183010546	11	0.002798520844462259	7	0.002272007240622494	12	0.001403714183239676	8	0.0011210000456188282	5	9.79793294232643E-4	1	9.728015219959087E-4	
43	Tanker_spills_1000s_of_tonnes_of_crude_oil_off_Nicobar_Islands$AAA$.html.txt	10	0.5377306598821873	4	0.16998349049460207	1	0.11886802315278992	2	0.10254777881151428	9	0.05231780774311679	0	0.01735962064167036	6	3.3370361076794845E-4	3	2.3940187562790754E-4	11	2.0218251300587627E-4	7	1.6414390279979115E-4	12	1.0141302383757043E-4	8	8.098800005417405E-5	5	7.078634802605033E-5	
44	91.html.txt	6	0.7258741819945868	9	0.14096309383059644	0	0.13143568596168295	2	5.572260119703492E-4	10	2.413164573789638E-4	4	2.1050670739209754E-4	3	1.849854699854655E-4	11	1.562261243490217E-4	7	1.2683374733396747E-4	12	7.836169131104876E-5	8	6.257930608901986E-5	5	5.4696504878290115E-5	1	5.430619244554995E-5	
45	Sweden_suspends_commercial_flights_to_Iraq_amid_allegations_of_attempted_shootdown$AAA$.html.txt	2	0.41960793490765713	10	0.3135243568517626	0	0.1304819256468386	6	0.11823601968183012	9	0.013216663592597305	4	0.004264773635374885	3	1.721900119367975E-4	11	1.4541995227306914E-4	7	1.1806064805598282E-4	12	7.294140757810488E-5	8	5.8250691058662497E-5	5	5.091314376547452E-5	1	5.054982927132593E-5	
46	72.html.txt	12	0.8907850828583485	9	0.08357904791962953	0	0.024571473422297794	2	3.110936621163354E-4	6	1.4395632668973368E-4	10	1.3472454415670228E-4	4	1.1752377149641061E-4	3	1.0327552206796857E-4	11	8.721946947545818E-5	7	7.081000184923441E-5	8	3.493739539382487E-5	5	3.053650698642674E-5	1	3.0318599492048797E-5	
47	118.html.txt	11	0.818435118032078	9	0.1806314771856627	2	2.4431630633021294E-4	0	1.3162504781680858E-4	6	1.1305559158755478E-4	10	1.0580544385400641E-4	4	9.229687793273527E-5	3	8.11070656802222E-5	7	5.561038429825368E-5	12	3.4357762501443506E-5	8	2.743795980075441E-5	5	2.398173766831867E-5	1	2.3810604788960354E-5	
48	156.html.txt	3	0.710718140167154	11	0.17774526672098867	9	0.08163698429703518	2	0.018620732732992435	1	0.010482568687725005	0	1.7942354846610284E-4	6	1.541107543968784E-4	10	1.4422777805739632E-4	4	1.2581369295365494E-4	7	7.580481563237961E-5	12	4.68344875661073E-5	8	3.740181820844109E-5	5	3.269049882376155E-5	
49	150.html.txt	4	0.5889850718196424	9	0.20023471200031562	0	0.10496935727540359	10	0.09245979080889949	2	0.010298840970045178	3	0.0026007850425280718	6	1.4718911254885036E-4	11	8.917813203683087E-5	7	7.240016171178497E-5	12	4.473099030962327E-5	8	3.572197444207298E-5	5	3.1222256548412316E-5	1	3.099945556805415E-5	
50	Australian_school_in_Westboro_s_sights$AAA$.html.txt	2	0.43712582793731575	4	0.40149817701636137	9	0.1466160476040607	6	0.01348932905038531	0	3.0285233358456995E-4	10	2.4344474025744724E-4	3	1.866169434987701E-4	11	1.5760395572130022E-4	7	1.2795235356495845E-4	12	7.905279977400953E-5	8	6.313122230370008E-5	5	5.517889897651998E-5	1	5.478514419559983E-5	
51	58.html.txt	8	0.5348120348698421	9	0.26807066516637956	0	0.15455665547812608	10	0.022204656383995502	6	0.013945405286927738	11	0.005611638765076371	2	3.5139842914575485E-4	4	1.327499519282389E-4	3	1.1665572347893316E-4	7	7.998402554509127E-5	12	4.941652873407554E-5	5	3.449276502012437E-5	1	3.4246625800499695E-5	
52	65.html.txt	12	0.8115450015767804	9	0.1683335932288452	10	0.019335023123614188	2	2.229514337985778E-4	0	1.2011475441553373E-4	6	1.0316915240738775E-4	4	8.422573826252602E-5	3	7.40144481398652E-5	11	6.250756007826623E-5	7	5.074739013378883E-5	8	2.5038576302876297E-5	5	2.188459247131231E-5	1	2.1728424750065546E-5	
53	143.html.txt	3	0.6628564853574987	9	0.18157139229757777	0	0.09729416364489395	11	0.05701938246837289	2	4.2667178801366023E-4	6	1.9743926278259597E-4	10	1.8477767034408207E-4	4	1.6118643297763702E-4	7	9.711747225170157E-5	12	6.000208573399978E-5	8	4.791740487354892E-5	5	4.1881489796208137E-5	1	4.158262488325776E-5	
54	87.html.txt	8	0.9915705510227055	9	0.0027656259976495145	2	0.0014200256242472564	0	7.650366997608975E-4	6	6.571065166717742E-4	10	6.149668997306856E-4	4	5.364518384841734E-4	3	4.7141393590714243E-4	11	3.9812409145798054E-4	7	3.2322104023227064E-4	12	1.9969564814028095E-4	5	1.393876754053434E-4	1	1.3839300960718105E-4	
55	London_bomb_suspect_returned_from_Italy$AAA$.html.txt	2	0.49604715501504404	6	0.47483181348543996	5	0.015708904889215156	11	0.01061547169683322	9	0.0012946330020163757	0	3.5812570467081263E-4	10	2.8787567234893243E-4	4	2.5112153801136775E-4	3	2.206762734926977E-4	7	1.5130484960236857E-4	12	9.348067188447852E-5	8	7.465325826168314E-5	1	6.478394317890403E-5	
56	137.html.txt	4	0.7794340207317495	9	0.2040405568667991	2	0.011550264793758772	11	0.003825150669831188	0	2.53639157611928E-4	6	2.1785614128319215E-4	10	2.0388523381382822E-4	3	1.562918924378148E-4	7	1.0716023478688866E-4	12	6.620680548906876E-5	8	5.287246710169538E-5	5	4.621238769636235E-5	1	4.588261764058575E-5	
57	1.html.txt	0	0.34643256610443096	9	0.32652171654106776	8	0.3030119464275304	4	0.012852673353964086	6	0.010334237389971815	2	3.245584845236264E-4	10	1.4055572068608738E-4	3	1.0774551529832066E-4	11	9.09945212041109E-5	7	7.387481549112513E-5	12	4.5642075621508385E-5	5	3.18581946116715E-5	1	3.163085559852505E-5	
58	Wikinews_Shorts__March_5__2009$AAA$.html.txt	2	0.4868494679376247	9	0.20732777469623756	7	0.18906400211368482	4	0.0806525325425914	10	0.03518623276880087	0	2.4032574625985575E-4	6	2.0642096521737352E-4	3	1.4808819757220542E-4	11	1.250652019877865E-4	12	6.273163846800798E-5	8	5.009721382317449E-5	5	4.378671914914043E-5	1	4.34742585831346E-5	
59	US_swimmer_dies_in_open-water_race$AAA$.html.txt	2	0.5064094141230111	10	0.3254108936399355	9	0.16642463012587527	0	3.544293245434394E-4	6	3.044269888357754E-4	4	2.485295971075059E-4	3	2.1839857216804414E-4	11	1.844445539201239E-4	7	1.4974316265292304E-4	12	9.251581487103151E-5	8	7.388272764440784E-5	5	6.457609113266898E-5	1	6.411527830225271E-5	
60	141.html.txt	4	0.5566395547132285	6	0.32798818758615733	9	0.11280309185434	2	7.880098627890722E-4	0	4.245391452895497E-4	10	3.412614350064852E-4	3	2.616000898913085E-4	11	2.2092961234353119E-4	7	1.793639235904548E-4	12	1.1081640894615123E-4	8	8.84975025309262E-5	5	7.734991615301099E-5	1	7.679794973371037E-5	
61	NASA_to_launch_Discovery_despite_crack_in_insulation_foam$AAA$.html.txt	4	0.6912656859998979	9	0.18298344798770455	2	0.10615077077511838	12	0.011816564004527248	0	0.006257958950579823	6	3.454282082361443E-4	10	3.232762252525566E-4	3	2.4781320392731925E-4	11	2.0928614779917968E-4	7	1.699110600168118E-4	8	8.383349428842648E-5	5	7.327340962822816E-5	1	7.275053302339209E-5	
62	54.html.txt	10	0.9225886162994253	9	0.07134135398486499	2	0.004663408768056363	0	2.8406271731929605E-4	6	2.4398759268978796E-4	4	1.9918778667529636E-4	3	1.7503882318040367E-4	11	1.4782586415158306E-4	7	1.2001391176638183E-4	12	7.4148192453114E-5	8	5.9214424214663776E-5	5	5.175548029112422E-5	1	5.1386154911650435E-5	
63	64.html.txt	12	0.8138538875526715	9	0.18147779609438186	4	0.004060036533982878	2	1.697950056749949E-4	0	9.147680757263769E-5	6	7.857140239036473E-5	10	7.353269296464777E-5	3	5.6367808126740985E-5	11	4.760441024033909E-5	7	3.864811833209579E-5	8	1.906883993974025E-5	5	1.6666833846058576E-5	1	1.6547899876164035E-5	
64	50.html.txt	5	0.5977127716067153	9	0.27673946777743313	0	0.05191114215827741	12	0.03864509674186509	10	0.01632006393467581	3	0.010207984320585782	2	0.007245056935505359	11	0.001052826291670103	6	5.9962258520620194E-5	4	4.895228247921547E-5	7	2.949455389953478E-5	8	1.4552504796519322E-5	1	1.2628633576095712E-5	
65	132.html.txt	6	0.9395085079739368	9	0.021091864645897487	2	0.010829731961510467	0	0.005834502038314248	10	0.004690004585526249	4	0.004091214638554667	3	0.0035952073551498735	11	0.003036267180175244	7	0.0024650239898956843	12	0.0015229657171755273	8	0.0012162338023040233	5	0.0010630309324017187	1	0.0010554451791579416	
66	Iraqi_authorities_demand_that_U.S._sever_all_contracts_with_Blackwater$AAA$.html.txt	0	0.5704889309931317	2	0.3574152136761696	9	0.07075603954432444	6	2.4198581597351823E-4	10	2.264674953792418E-4	4	1.9755356638919E-4	3	1.7360273113644766E-4	11	1.4661303865640582E-4	7	1.1902926721313259E-4	12	7.353984953055054E-5	8	5.8728604200811925E-5	5	5.133085658692688E-5	1	5.0964561308029965E-5	
67	9.html.txt	8	0.9917542571086305	9	0.0027053536917693716	2	0.0013890784828568398	0	7.483639732184393E-4	6	6.42785952357461E-4	10	6.015646996073743E-4	4	5.247607460058113E-4	3	4.611402383915327E-4	11	3.8944762651333385E-4	7	3.161769650679735E-4	12	1.9534360733726788E-4	5	1.3634994846211496E-4	1	1.353769597820034E-4	
68	135.html.txt	5	0.7262671662056188	9	0.08959575035139676	2	0.04600342252740389	0	0.02478427568286129	6	0.021287748767200177	10	0.019922585653110975	4	0.01737899666738196	3	0.01527201629924015	11	0.012897704439234279	7	0.010471130823033024	12	0.006469378524877609	8	0.0051664175714002895	1	0.004483406487240729	
69	Arsenal_defeats_Chelsea_1-0_to_win_Community_Shield_2015$AAA$.html.txt	7	0.5354039789423455	2	0.4417258226322133	9	0.021054920380545003	0	3.4037659109550147E-4	6	2.9235679308101304E-4	10	2.7360822955594186E-4	4	2.3867567154258802E-4	3	2.097393086490302E-4	11	1.7713152993289558E-4	12	8.884766442164048E-5	8	7.095335863880738E-5	5	6.201572004326742E-5	1	6.15731779354658E-5	
70	US_Congress_passes__787_billion_stimulus_package$AAA$.html.txt	3	0.6045034998009144	2	0.31395829657581587	9	0.08053194293975961	0	1.9579192826401338E-4	6	1.6816990873016362E-4	10	1.5738533217353405E-4	4	1.3729137427056517E-4	11	1.0188986172725902E-4	7	8.272030706808595E-5	12	5.1107085486928114E-5	8	4.0813896337549265E-5	5	3.5672774590264786E-5	1	3.5418214861742824E-5	
71	New_research_shows_over_400_languages_originated_in_Turkey$AAA$.html.txt	2	0.567007744840827	9	0.22201849523145675	6	0.20896925846983666	0	4.093563406663851E-4	10	3.2905689332731814E-4	4	2.870450026963008E-4	3	2.522444789934887E-4	11	2.1302850080434543E-4	7	1.7294932687179237E-4	12	1.0685327879728685E-4	8	8.533256401942885E-5	5	7.458364906645445E-5	1	7.405142263673022E-5	
72	78.html.txt	9	0.5066282545228055	3	0.4925473320363599	2	2.1874315024068987E-4	0	1.178475478878408E-4	6	1.0122179983665037E-4	10	9.473054193099397E-5	4	8.263594902707585E-5	11	6.13277087858152E-5	7	4.9789516018035505E-5	12	3.076145558057581E-5	8	2.4565964724771303E-5	5	2.147151340248109E-5	1	2.131829339967865E-5	
73	22.2__of_secondary_school_students_in_Ireland_drop_out_before_the_Leaving_Cert$AAA$.html.txt	2	0.7200828840356706	9	0.15626881164274856	4	0.1145932583056573	11	0.006961973481926916	0	4.616364796292989E-4	6	3.9650952587324954E-4	10	3.71081746495226E-4	3	2.844593859201527E-4	7	1.9503720958952595E-4	12	1.2049983488842071E-4	8	9.623064440029008E-5	5	8.41089529403554E-5	1	8.350875426019423E-5	
74	133.html.txt	6	0.7695999391787892	9	0.19100043344104514	2	0.010829731961510467	0	0.005834502038314248	10	0.004690004585526249	4	0.004091214638554667	3	0.0035952073551498735	11	0.003036267180175244	7	0.0024650239898956843	12	0.0015229657171755273	8	0.0012162338023040233	5	0.0010630309324017187	1	0.0010554451791579416	
75	134.html.txt	1	0.7121347864564277	9	0.279371708751244	2	0.00790336942054259	0	1.0585882194211279E-4	6	9.092442462838654E-5	10	8.509352761668798E-5	4	7.42293273882986E-5	3	6.522997382716594E-5	11	5.5088791585668574E-5	7	4.472438845951589E-5	12	2.7632067933085697E-5	8	2.2066849351085264E-5	5	1.928719905368053E-5	
76	US_Justice_Department_to_withdraw_Stevens_charges$AAA$.html.txt	11	0.5067974404264791	2	0.391840305429546	9	0.09988124383341285	0	2.8289263244766875E-4	6	2.429825815649025E-4	10	2.2740033933975605E-4	4	1.9836731076771814E-4	3	1.7431781944966552E-4	7	1.1951956156137125E-4	12	7.384276807688241E-5	8	5.8970513635304576E-5	5	5.154229390368155E-5	1	5.117448981515122E-5	
77	Airborne_sedan_smashes_into_dental_office_in_Santa_Ana__California__US$AAA$.html.txt	10	0.5588587597815265	2	0.43804090769181725	9	0.001308277159992075	0	3.618999972170993E-4	6	3.108437106731957E-4	4	2.537681119287568E-4	3	2.2300198427894634E-4	11	1.8833228214507102E-4	7	1.5289945383943716E-4	12	9.446586618500986E-5	8	7.544003014802981E-5	5	6.593722805331754E-5	1	6.546670219527778E-5	
78	161.html.txt	10	0.7645566860588805	9	0.12915384252834605	0	0.08431771915970386	4	0.021151871120943473	2	2.980032809600748E-4	6	1.378988481367984E-4	3	9.89298342169703E-5	11	8.354939760091889E-5	7	6.783041715574948E-5	12	4.1907665131605E-5	8	3.3467279226234396E-5	5	2.9251573976497213E-5	1	2.9042835721179967E-5	
79	113.html.txt	2	0.40687919069459066	8	0.3660421857385871	9	0.08959575035139676	0	0.02478427568286129	6	0.021287748767200177	10	0.019922585653110975	4	0.01737899666738196	3	0.01527201629924015	11	0.012897704439234279	7	0.010471130823033024	12	0.006469378524877609	5	0.004515629871245279	1	0.004483406487240729	
80	126.html.txt	10	0.6072867209540185	9	0.38841473237985363	2	0.0011719771760785268	0	6.314009660617889E-4	6	5.423239036267491E-4	4	4.427450463100545E-4	3	3.890678899976786E-4	11	3.2858023155961694E-4	7	2.6676115945540295E-4	12	1.6481304124823772E-4	8	1.3161897839590782E-4	5	1.1503959605538808E-4	1	1.142186773385937E-4	
81	2.html.txt	6	0.8100218352971517	9	0.14844245581647925	2	0.039885340447833595	0	3.3703581611003466E-4	10	2.7092278186937664E-4	4	2.3633308473142492E-4	3	2.0768073043262404E-4	11	1.7539299502826913E-4	7	1.4239456370219176E-4	12	8.797563014377886E-5	8	7.025695585472499E-5	5	6.140703962385477E-5	1	6.096884103920495E-5	
82	David_Blunkett_is_not_the_father_of_Kimberly_Quinn_s_son$AAA$.html.txt	2	0.6498053996476673	6	0.3371818968106803	9	0.010250985346882777	0	5.63994029397517E-4	10	4.533608124075719E-4	4	3.9547858822845347E-4	3	3.475318835155331E-4	11	2.935017504543103E-4	7	2.3828234243354493E-4	12	1.4721797435729032E-4	8	1.1756763445215956E-4	5	1.0275822940884085E-4	1	1.020249501144164E-4	
83	One_dead_after_car_and_truck_crash_in_North_Lincolnshire__England$AAA$.html.txt	2	0.6432742300614838	10	0.31812444853570304	6	0.03494476000397709	9	0.001714936347762384	0	4.743914198475106E-4	4	3.326482891838411E-4	3	2.923189520983592E-4	11	2.4687267039774614E-4	7	2.004260557020318E-4	12	1.2382922556296273E-4	8	9.888948132208474E-5	5	8.643286951521554E-5	1	8.581608744396135E-5	
84	Yahoo_releases_mobile_phone_search_engine$AAA$.html.txt	9	0.7849347519516805	2	0.1476156289839901	4	0.06556070017137625	0	3.737157872470216E-4	6	3.209925474946369E-4	10	3.0040760023086673E-4	3	2.3028284817161828E-4	11	1.944812037222859E-4	7	1.5789151754805553E-4	12	9.755011279573095E-5	8	7.790309608595351E-5	5	6.809003393290898E-5	1	6.7604145723985E-5	
85	45.html.txt	9	0.5429935720627364	3	0.17468952663826062	0	0.10133890379288898	11	0.0920036948689867	6	0.08751847546620072	2	5.853724827976011E-4	10	2.5350577819644604E-4	4	2.2113977327787999E-4	7	1.3324034410539836E-4	12	8.231987885269195E-5	8	6.574029745587298E-5	5	5.745932202220936E-5	1	5.704929421856828E-5	
86	88.html.txt	0	0.7972697694031742	9	0.1656029358536956	3	0.0350763707418946	2	6.349380594405976E-4	6	2.938129632431899E-4	10	2.7497101690836365E-4	4	2.3986446687610893E-4	11	1.7801378632225728E-4	7	1.4452227942311776E-4	12	8.929019670059474E-5	8	7.130676299335384E-5	5	6.232460782439689E-5	1	6.18798615037015E-5	
87	13.html.txt	6	0.7615557162557977	9	0.20864029387892719	12	0.026827128754131693	2	8.511470257641353E-4	0	4.585541982364378E-4	10	3.686040862302246E-4	4	3.215430616145015E-4	3	2.8256009088837696E-4	11	2.3863100111953028E-4	7	1.9373497376423742E-4	8	9.558812601678575E-5	5	8.35473693739326E-5	1	8.295117813535267E-5	
88	36.html.txt	0	0.8120259932427208	9	0.18224409575344372	2	0.004442891462602606	6	2.3245021966929565E-4	10	2.1754340781122845E-4	4	1.8976884954548497E-4	3	1.6676181132977265E-4	11	1.4083566387954757E-4	7	1.1433884750416882E-4	12	7.064196762546672E-5	8	5.641436830679284E-5	5	4.930813337732998E-5	1	4.895627218372708E-5	
89	Cassini_photographs_possible_lakes_on_Saturn_s_moon__Titan$AAA$.html.txt	4	0.5069299177460335	2	0.47760017906259106	9	0.0074403373636904345	0	0.006369860725882116	6	3.5160498728605054E-4	10	3.2905689332731814E-4	3	2.522444789934887E-4	11	2.1302850080434543E-4	7	1.7294932687179237E-4	12	1.0685327879728685E-4	8	8.533256401942885E-5	5	7.458364906645445E-5	1	7.405142263673022E-5	
90	84.html.txt	0	0.37614204432256637	9	0.31559401043696855	8	0.2901254874282557	6	0.012497349255004963	2	0.004606252388394677	10	2.2554227359472572E-4	4	1.9674647103572199E-4	3	1.728934857393104E-4	11	1.4601405831694543E-4	7	1.1854297901165734E-4	12	7.323940610178493E-5	5	5.1121146903634074E-5	1	5.0756348106035865E-5	
91	Judge_shot_at_courthouse_in_Nevada$AAA$.html.txt	6	0.502417002568816	2	0.3222396977082115	10	0.16796756420648484	9	0.0034592382156451345	0	9.569060279420007E-4	4	6.709926440215353E-4	3	5.896433949722853E-4	11	4.979726372658206E-4	7	4.042840844793577E-4	12	2.4977882697515343E-4	8	1.9947228558134163E-4	5	1.7434576257306682E-4	1	1.7310163703196954E-4	
92	14.html.txt	4	0.9069778079909903	9	0.0319485188829516	2	0.016404139789362806	0	0.008837705991061304	6	0.007590896228861394	10	0.007104099261843103	3	0.005445775041822752	11	0.004599130563754257	7	0.003733850316711052	12	0.0023068846586180936	8	0.0018422680617074811	5	0.0016102067971313222	1	0.001598716415184586	
93	Interview_with_Stephanie_Beaumier__City_Council_candidate_for_Wards_1___5_in_Brampton__Canada$AAA$.html.txt	2	0.5169495006008151	9	0.2276035564384357	11	0.14510843673324994	4	0.07269140951235506	3	0.027369166752534275	0	0.009370242439945024	6	2.671959787304904E-4	10	2.5006095433759384E-4	7	1.3142977584300447E-4	12	8.120125550316883E-5	8	6.484696971093874E-5	5	5.6678522291237584E-5	1	5.627406624840931E-5	
94	British_pathologist_criticised_by_General_Medical_Council$AAA$.html.txt	6	0.557333034523952	2	0.41836202922005983	9	0.02284131711369563	0	2.9889814939417907E-4	10	2.4026620987676256E-4	4	2.095905488091462E-4	3	1.8418038387610553E-4	11	1.5554620347392584E-4	7	1.2628174674611227E-4	12	7.802064880005893E-5	8	6.230695102205372E-5	5	5.445845701263067E-5	1	5.40698432815125E-5	
95	155.html.txt	0	0.8655263344068039	9	0.06513913989538227	11	0.034303411092047965	10	0.019124686439785925	6	0.013425975644169029	2	0.002144426173608372	4	9.159469487973993E-5	3	8.049001331318183E-5	7	5.518730748027887E-5	12	3.409637296034836E-5	8	2.7229215249341757E-5	5	2.37992876207196E-5	1	2.3629456698809762E-5	
96	29.html.txt	10	0.5552258889621621	6	0.3482539380324734	9	0.0931371744394863	2	0.0010555276820897875	0	5.686639738211055E-4	4	3.987532027305237E-4	3	3.5040949302352076E-4	11	2.9593198338481085E-4	7	2.4025535143414704E-4	12	1.4843695846450907E-4	8	1.1854110986198057E-4	5	1.0360908100547613E-4	1	1.0286973006246421E-4	
97	Union_Coal_Minister_Shibu_Soren_convicted_in_the_murder_case_by_Delhi_court$AAA$.html.txt	6	0.4933928257697103	2	0.3891371905736268	0	0.0551308511388954	3	0.04005716885105083	9	0.021159790688164856	10	2.7497101690836365E-4	4	2.3986446687610893E-4	11	1.7801378632225728E-4	7	1.4452227942311776E-4	12	8.929019670059474E-5	8	7.130676299335384E-5	5	6.232460782439689E-5	1	6.18798615037015E-5	
98	21.html.txt	0	0.7297806539580097	9	0.16220159198879805	6	0.10698824352566282	2	3.3216986235396596E-4	10	1.4385196080110923E-4	4	1.254858576536452E-4	3	1.1027230743460957E-4	11	9.312847768468756E-5	7	7.560728948167533E-5	12	4.6712449988784986E-5	8	3.730435952961675E-5	5	3.260531652573217E-5	1	3.237264607555002E-5	
99	AFC_Asian_Cup__2007_tournament_commences__Thailand_and_Iraq_draw_1-1$AAA$.html.txt	7	0.4165247811196849	2	0.37991430739459314	9	0.14188174101910278	0	0.06067977039512564	6	1.9810232009322804E-4	10	1.8539820641900713E-4	4	1.6172774295445866E-4	3	1.4212032913703818E-4	11	1.2002514691576222E-4	12	6.020358983727892E-5	8	4.807832517460834E-5	5	4.2022139774323767E-5	1	4.1722271187825225E-5	
100	103.html.txt	1	0.50196663202931	9	0.32703182255860047	4	0.16641461026637192	10	0.0033102324070337016	2	3.999019915840809E-4	0	2.1544660507902562E-4	6	1.8505173442853685E-4	3	1.3275772536125116E-4	11	1.1211812966829059E-4	7	9.102422907282485E-5	12	5.623749743551609E-5	8	4.491102102082143E-5	5	3.9253805033567815E-5	
101	112.html.txt	11	0.6802298370540378	9	0.16266801545658324	7	0.13181896052001246	2	0.0228665165356201	0	5.021394829621458E-4	6	4.3129842873648527E-4	10	4.0363967005257583E-4	4	3.521055249960227E-4	3	3.0941724771052823E-4	12	1.3107223423175772E-4	8	1.0467371656390422E-4	5	9.148849366469566E-5	1	9.083563482829542E-5	
102	Ten_April_Fool_s_pranks_of_2009$AAA$.html.txt	9	0.37521151451546275	2	0.2844035053662587	5	0.27154443890765717	10	0.04036293428770703	4	0.02526116009070641	11	0.0026038598008650987	0	1.7265746200270142E-4	6	1.4829921684730033E-4	3	1.0639114927672064E-4	7	7.294620570466556E-5	12	4.506835265767164E-5	8	3.5991390546909565E-5	1	3.123325430683169E-5	
103	Earthquake_hits_Chile$AAA$.html.txt	2	0.6737443275581927	4	0.26200109306648656	9	0.061659633625036646	0	5.134006534365439E-4	6	4.4097089086332376E-4	10	4.126918463679653E-4	3	3.1635635624991786E-4	11	2.6717302420555683E-4	7	2.169071017266887E-4	12	1.3401170986398028E-4	8	1.0702116902763293E-4	5	9.354024931937237E-5	1	9.28727492231193E-5	
104	67.html.txt	12	0.9894879239492103	9	0.007484951449629075	2	7.643843616723253E-4	0	4.118109415896098E-4	6	3.5371329694359197E-4	10	3.310299990885233E-4	4	2.8876619486710827E-4	3	2.5375699869700135E-4	11	2.1430587189354437E-4	7	1.7398637341349126E-4	8	8.584423898232853E-5	5	7.503087090148933E-5	1	7.449545311168103E-5	
105	130.html.txt	12	0.8793858168196631	2	0.09847575918666249	9	0.019834234296119566	0	4.193546004050847E-4	6	3.6019270815189906E-4	10	3.3709389180873987E-4	4	2.940558883441972E-4	3	2.584053847083588E-4	11	2.182315820106127E-4	7	1.771735005804065E-4	8	8.741675584566656E-5	5	7.640530570529509E-5	1	7.586007999461305E-5	
106	Female_suicide_bomber_kills_40_Shi_ite_pilgrims_at_Baghdad_shrine$AAA$.html.txt	2	0.49500536336078904	0	0.48144019915382275	9	0.021402457171305202	6	3.886718738189792E-4	10	3.6374671562474384E-4	4	3.173058491846126E-4	3	2.788365861008963E-4	11	2.3548638266928745E-4	7	1.9118198370804952E-4	12	1.1811796076730725E-4	8	9.432849007976869E-5	5	8.24464034559674E-5	1	8.185806867342175E-5	
107	New_Zealand_girls_planned__undie_run__defended_by_politician$AAA$.html.txt	9	0.8072965348317799	2	0.11333388444917862	6	0.07145176902725645	3	0.006175937163662394	0	4.0693082768349814E-4	10	3.271071696084316E-4	4	2.853442072974087E-4	11	2.1176626704100674E-4	7	1.7192456972004968E-4	12	1.0622015310888307E-4	8	8.482695259649297E-5	5	7.414172697767654E-5	1	7.361265408922403E-5	
108	Former_Salt_Lake_City_mayor_Rocky_Anderson_announces_presidential_bid$AAA$.html.txt	11	0.38762455153694514	2	0.3407592543221269	9	0.1592078311864126	3	0.11133943421320544	0	2.3141792547586604E-4	6	1.9876984588109423E-4	10	1.8602292441196442E-4	4	1.6227270092862418E-4	7	9.777196652667908E-5	12	6.0406451917438256E-5	8	4.824032995010195E-5	5	4.2163737621070224E-5	1	4.186285859706462E-5	
109	104.html.txt	1	0.43244806768959776	9	0.3160593384981354	4	0.1694222973000109	3	0.0659973252709606	6	0.009677017911372815	0	0.005022667343258397	2	5.991284077547574E-4	10	2.594630217696489E-4	11	1.6797404844752056E-4	7	1.3637141744526576E-4	12	8.425434982503413E-5	8	6.728515756638282E-5	5	5.8809583855579286E-5	
110	8.html.txt	8	0.9979590628753617	9	6.696130182021893E-4	2	3.438164252812162E-4	0	1.852305893847247E-4	6	1.5909854704969972E-4	10	1.4889570830368411E-4	4	1.298856515641649E-4	3	1.1413868278416402E-4	11	9.639375487746895E-5	7	7.825823754923004E-5	12	4.83502851747498E-5	5	3.374852641235094E-5	1	3.3507698054584544E-5	
111	44.html.txt	0	0.661069304223034	9	0.3312078854128913	6	0.0064794738833646465	2	4.011604511206362E-4	10	1.737295403038904E-4	4	1.515488578911265E-4	3	1.3317550328946417E-4	11	1.1247095644202806E-4	7	9.131067503094708E-5	12	5.641447233548942E-5	8	4.505235240673478E-5	5	3.937733361389545E-5	1	3.909633827585949E-5	
112	110.html.txt	10	0.6987710018298624	9	0.17810220260692264	4	0.11702830469252205	2	0.0018536462229384373	0	9.986491544283235E-4	6	8.577612909925775E-4	3	6.153654179290105E-4	11	5.196957053384724E-4	7	4.2192017536189097E-4	12	2.6067493261517467E-4	8	2.0817386818652777E-4	5	1.8195125047567104E-4	1	1.8065285242681395E-4	
113	31.html.txt	4	0.7310140206968827	9	0.26710091038550415	2	5.063218315571376E-4	0	2.7278013608852947E-4	6	2.3429674040265918E-4	10	2.1927151292337456E-4	3	1.6808652137991487E-4	11	1.4195442373153043E-4	7	1.1524712392070958E-4	12	7.120312802381609E-5	8	5.6862508561881875E-5	5	4.969982365292632E-5	1	4.934516737059354E-5	
114	149.html.txt	4	0.5921433541453465	9	0.22612626945465683	10	0.1624396364273729	6	0.018207681753793836	2	3.8307772725629724E-4	0	2.0638255761575854E-4	3	1.271724792008469E-4	11	1.0740121130035732E-4	7	8.719475154487423E-5	12	5.3871531419092176E-5	8	4.302157084356198E-5	5	3.760235941525518E-5	1	3.733403023384228E-5	
115	27.html.txt	10	0.5069383805128357	9	0.4502632905948168	3	0.03649526076065696	4	0.002724107943924658	11	0.002691834659110694	2	3.3130657008228825E-4	0	1.784909234431697E-4	6	1.5330970265599845E-4	7	7.541079005144564E-5	12	4.6591046750150776E-5	8	3.720740743091164E-5	5	3.2520576996466035E-5	1	3.228851124473566E-5	
116	Toxic_air_from_Ukraine_train_derailment_continues_to_make_people_sick$AAA$.html.txt	2	0.5294805578714182	10	0.4110221292134535	9	0.037214327322605274	4	0.010515720778199398	0	0.00548684319664766	7	0.005283207941325964	6	3.0286398956245504E-4	3	2.1727726288170817E-4	11	1.8349757249496332E-4	12	9.20408170662473E-5	8	7.350339646204205E-5	5	6.424454239613867E-5	1	6.378609548643734E-5	
117	30.html.txt	9	0.8706295816428513	10	0.07406766776274373	6	0.050572377017587364	3	0.0035004053089699805	2	4.28104673470665E-4	0	2.3064075813267635E-4	4	1.6172774295445866E-4	11	1.2002514691576222E-4	7	9.74436204000438E-5	12	6.020358983727892E-5	8	4.807832517460834E-5	5	4.2022139774323767E-5	1	4.1722271187825225E-5	
118	124.html.txt	1	0.9979259893588878	9	6.787664632676045E-4	2	3.4851631114939807E-4	0	1.8776264592824845E-4	6	1.6127338500956606E-4	10	1.509310759703598E-4	4	1.31661156436472E-4	3	1.1569893047096784E-4	11	9.771143376950863E-5	7	7.932800838529643E-5	12	4.9011221666744044E-5	8	3.914014860023226E-5	5	3.420986045777252E-5	
119	55.html.txt	0	0.7072880112260644	9	0.11876469555540985	6	0.1095931771291735	10	0.06361000125060928	2	2.790833091287626E-4	4	1.0543102301533054E-4	3	9.264886418660265E-5	11	7.824491825411508E-5	7	6.352392234885214E-5	12	3.924698354027629E-5	8	3.134247047181049E-5	5	2.739441672012788E-5	1	2.7198931076989924E-5	
120	101.html.txt	7	0.7474456289560724	9	0.23918013767655605	2	0.010048121224743144	0	0.0026016394588697146	6	1.4360587275353596E-4	10	1.3439656449865E-4	4	1.1723766619444298E-4	3	1.0302410336304704E-4	11	8.700713836717261E-5	12	4.364203840424325E-5	8	3.485234218346718E-5	5	3.046216750224285E-5	1	3.024479049194218E-5	
121	56.html.txt	0	0.9116486960125423	9	0.06432639928614058	10	0.014294994758419463	2	0.007842171818942437	6	4.102991435513669E-4	4	3.3496202564150764E-4	3	2.9435217769647153E-4	11	2.4858979420830954E-4	7	2.0182011990504291E-4	12	1.246905202186863E-4	8	9.95773074906065E-5	5	8.703405367229853E-5	1	8.641298157097024E-5	
122	Slovak_escapes_from_avalanche_using_urine$AAA$.html.txt	2	0.7114213956649261	10	0.14925256469552026	4	0.0950670588148228	9	0.042283476195474956	0	4.647604780116535E-4	6	3.991927954415707E-4	3	2.863843868693276E-4	11	2.4186074094457923E-4	7	1.963570704630555E-4	12	1.2131528450273134E-4	8	9.688185891800075E-5	5	8.467813723258942E-5	1	8.40738768723214E-5	
123	New_Zealand_repeals_sedition_law$AAA$.html.txt	2	0.6324721394474285	3	0.2197467018523173	6	0.08062807488138417	11	0.06444114796747247	9	0.0013292912933887235	0	3.677129969776493E-4	10	2.9558231887790267E-4	4	2.578442489423533E-4	7	1.5535539331274883E-4	12	9.598321921550517E-5	8	7.665178168314602E-5	5	6.699634132724035E-5	1	6.651825767223693E-5	
124	Israeli_forensic_institute_illegally_harvested_organs_in_the__90s$AAA$.html.txt	2	0.4560753634589482	4	0.3275979419027303	9	0.14825695978568523	6	0.06670266158447409	0	3.2584238673929084E-4	10	2.619250585449504E-4	3	2.0078336381268265E-4	11	1.6956794911881249E-4	7	1.3766544170567969E-4	12	8.505383680523478E-5	8	6.792362439387342E-5	5	5.936762622017165E-5	1	5.894398082148364E-5	
125	Felipe_Massa_wins_2008_Bahrain_Grand_Prix$AAA$.html.txt	5	0.7491367152620071	2	0.2354682807802488	3	0.01105150192903373	4	0.0028656119060771626	9	6.787664632676045E-4	0	1.8776264592824845E-4	6	1.6127338500956606E-4	10	1.509310759703598E-4	11	9.771143376950863E-5	7	7.932800838529643E-5	12	4.9011221666744044E-5	8	3.914014860023226E-5	1	3.396574003565987E-5	
126	Speaker_Pelosi_won_t_support_U.S._draft_bill$AAA$.html.txt	3	0.6426676841792226	2	0.1462669231215088	0	0.11522947678009572	9	0.0936619714995515	6	4.510871421824998E-4	10	4.2215935209619966E-4	4	3.682607318612949E-4	11	2.733022030574222E-4	7	2.2188313710554407E-4	12	1.3708605369207826E-4	8	1.0947632664639538E-4	5	9.568614305108911E-5	1	9.500332992880828E-5	
127	39.html.txt	10	0.8920921304767933	9	0.1021191933309561	2	0.0015782535130968109	0	8.502817402930111E-4	6	7.303253199855344E-4	4	5.96226563970418E-4	3	5.239417428559686E-4	11	4.424854983339557E-4	7	3.59236293728009E-4	12	2.219469514112551E-4	8	1.7724587072473518E-4	5	1.549190976800123E-4	1	1.538136001710225E-4	
128	National_Guard_mobilized_in_Kentucky_ice_storm_aftermath$AAA$.html.txt	4	0.5177135035103781	2	0.3875178963592375	9	0.08825352623671492	10	0.005103259300420195	0	3.321458302375627E-4	6	2.8528721511356537E-4	3	2.046675318666039E-4	11	1.728482528174331E-4	7	1.403285891928441E-4	12	8.669920915834732E-5	8	6.92376116036074E-5	5	6.051609705372465E-5	1	6.008425620551071E-5	
129	37.html.txt	0	0.8055202187680504	9	0.14366929528367442	3	0.05022036954006542	2	1.826919802230554E-4	6	8.453938344378615E-5	10	7.911795306016934E-5	4	6.901667617366002E-5	11	5.122025786085304E-5	7	4.1583680520618235E-5	12	2.5691644416637665E-5	8	2.051723556472468E-5	5	1.793278234115631E-5	1	1.78048146050651E-5	
130	54_killed__20_injured_in_Tanzanian_bus_crash$AAA$.html.txt	10	0.6930224156074383	2	0.21639313401356267	9	0.0865248109363204	0	8.198315355304424E-4	6	7.041709825665225E-4	4	5.748745578088773E-4	3	5.051783934888241E-4	11	4.2663925186029497E-4	7	3.4637135945528834E-4	12	2.13998609353984E-4	8	1.7089835930454627E-4	5	1.4937115042624303E-4	1	1.4830524288363505E-4	
131	26.html.txt	5	0.826060322281425	9	0.11890947380326022	7	0.05421561636880124	2	2.1578101246954597E-4	0	1.1625170055524475E-4	6	9.985109215401257E-5	10	9.344773643045159E-5	4	8.151692397144286E-5	3	7.163404282667005E-5	11	6.049723193471249E-5	12	3.0344895476315054E-5	8	2.4233301636049373E-5	1	2.1029609059044292E-5	
132	85.html.txt	8	0.3853371027925576	0	0.3602239351056485	9	0.25378723121972413	2	1.8891915257716356E-4	6	8.742096210296835E-5	10	8.18147388162183E-5	4	7.13691534817297E-5	3	6.27165593098731E-5	11	5.296613293063972E-5	7	4.300108672205028E-5	12	2.656736045872955E-5	5	1.854403263408512E-5	1	1.841170303631048E-5	
133	Wikinews_interviews_Dr._Phil_Klotzbach_on_upcoming_hurricane_season$AAA$.html.txt	4	0.5785095927727057	2	0.23352201664924285	9	0.18715880095213203	0	1.6017438627258812E-4	6	1.3757723395036432E-4	10	1.287545365772705E-4	3	9.869910539961145E-5	11	8.335453976200625E-5	7	6.767221986314128E-5	12	4.180992610181062E-5	8	3.3389225261854425E-5	5	2.9183352078392338E-5	1	2.8975100652262346E-5	
134	82.html.txt	6	0.3701702055787557	9	0.24106675229828595	4	0.23187494035258452	11	0.09350680171515484	2	0.05178794136673741	0	0.0031545644142919804	10	0.0025357642299568012	3	0.0019438356709929963	7	0.0013327747437290617	12	8.234281904504534E-4	8	6.575861739377893E-4	5	5.74753342894534E-4	1	5.706519222280783E-4	
135	97.html.txt	7	0.7801863634362286	9	0.2156960319197259	11	0.0028550791205156512	2	3.5139842914575485E-4	0	1.893153827258137E-4	6	1.6260706412414328E-4	10	1.5217922750974987E-4	4	1.327499519282389E-4	3	1.1665572347893316E-4	12	4.941652873407554E-5	8	3.946382506257279E-5	5	3.449276502012437E-5	1	3.4246625800499695E-5	
136	Hawaiian_Representative_Neil_Abercrombie_resigns$AAA$.html.txt	2	0.7686384464438838	11	0.21960599799305133	9	0.009126735769587762	0	5.021394829621458E-4	6	4.3129842873648527E-4	10	4.0363967005257583E-4	4	3.521055249960227E-4	3	3.0941724771052823E-4	7	2.1214935973064397E-4	12	1.3107223423175772E-4	8	1.0467371656390422E-4	5	9.148849366469566E-5	1	9.083563482829542E-5	
137	71.html.txt	12	0.9572089640653489	2	0.02357354971021558	9	0.018122964076805092	0	1.991992665973226E-4	6	1.7109654509156014E-4	10	1.6012428612414005E-4	4	1.3968063600639118E-4	3	1.2274615103538027E-4	11	1.0366303611047835E-4	7	8.415987649117336E-5	8	4.152417461488007E-5	5	3.6293582676658455E-5	1	3.603459288235799E-5	
138	Brazilian_President_party_received_money_from_FARC__say_documents$AAA$.html.txt	8	0.6126288215379454	9	0.19191017791615333	2	0.10012533516580172	0	0.0650696472486757	11	0.028368529470311092	5	0.0016774142020048604	6	4.916699222046805E-5	10	4.601395969720224E-5	4	4.01391900707353E-5	3	3.527282827259518E-5	7	2.4184521028771998E-5	12	1.4941922092486023E-5	1	1.0355045725596149E-5	
139	74.html.txt	12	0.7081024945252917	9	0.2790845982557118	2	0.006218224273416968	4	0.0060987262381486	0	1.034666079988667E-4	6	8.886970049309816E-5	10	8.317057098907737E-5	3	6.375589684383947E-5	11	5.384388659872399E-5	7	4.371369984884427E-5	8	2.1568179294752653E-5	5	1.8851343962381594E-5	1	1.871682140122798E-5	
140	77.html.txt	2	0.40687919069459066	0	0.3856600438500481	9	0.08959575035139676	6	0.021287748767200177	10	0.019922585653110975	4	0.01737899666738196	3	0.01527201629924015	11	0.012897704439234279	7	0.010471130823033024	12	0.006469378524877609	8	0.0051664175714002895	5	0.004515629871245279	1	0.004483406487240729	
141	120.html.txt	11	0.6496377670058436	9	0.24325234511745278	0	0.06696317905551172	3	0.03690418693306446	2	0.002903331417138036	6	8.050145307766209E-5	10	7.533897133410002E-5	4	6.572017079193008E-5	7	3.959748190561346E-5	12	2.446451137024415E-5	8	1.95372524474973E-5	5	1.707624278036571E-5	1	1.6954387281984284E-5	
142	62.html.txt	12	0.8629732309526952	9	0.1335171180234519	2	0.002629555347532734	0	1.6017438627258812E-4	6	1.3757723395036432E-4	10	1.287545365772705E-4	4	1.1231597650264239E-4	3	9.869910539961145E-5	11	8.335453976200625E-5	7	6.767221986314128E-5	8	3.3389225261854425E-5	5	2.9183352078392338E-5	1	2.8975100652262346E-5	
143	First_computer_game_in_Piedmontese_language$AAA$.html.txt	2	0.7968585161726028	3	0.13508492825544116	9	0.046531584216248645	4	0.019568193819183427	0	4.4089157463455213E-4	6	3.78691279684478E-4	10	3.5440616751474804E-4	11	2.2943939504826237E-4	7	1.8627267610503128E-4	12	1.1508484335947936E-4	8	9.190625570104704E-5	5	8.032928578892831E-5	1	7.975605868737358E-5	
144	61.html.txt	12	0.837965453359966	9	0.16117124001866273	2	2.1799501759898874E-4	0	1.1744449253629118E-4	6	1.0087560690477474E-4	10	9.440655002310276E-5	4	8.235332234469937E-5	3	7.236903862841305E-5	11	6.111795931145259E-5	7	4.9619228801697044E-5	8	2.4481945636332387E-5	5	2.1398077777066333E-5	1	2.1245381808435163E-5	
145	79.html.txt	11	0.5398356396359573	9	0.33101590097770195	2	0.03380427780660744	0	0.018212004550746386	6	0.015642683384590128	10	0.014639532953064853	4	0.012770450524508797	3	0.011222197247150885	7	0.00769440610816036	12	0.0047538347556812625	8	0.0037963917737754756	5	0.0033181793495572942	1	0.003294500932498	
146	17.html.txt	7	0.7780279658617552	9	0.17546914143178555	10	0.03630859849327304	2	0.0061943181689957235	1	0.0036391991871711593	0	8.296755335770386E-5	6	7.126262047389284E-5	4	5.817772735240601E-5	3	5.1124424348746924E-5	11	4.317620554850624E-5	12	2.165681639528955E-5	8	1.72950394438901E-5	5	1.5116470099033835E-5	
147	Sri_Lankan_president_declares_victory_over_rebels$AAA$.html.txt	2	0.5324824639051948	0	0.4642654117258909	9	0.0014044897714967303	6	3.3370361076794845E-4	10	3.1230351508659094E-4	4	2.724305892018595E-4	3	2.3940187562790754E-4	11	2.0218251300587627E-4	7	1.6414390279979115E-4	12	1.0141302383757043E-4	8	8.098800005417405E-5	5	7.078634802605033E-5	1	7.028121900977555E-5	
148	Liverpool_beats_Milan_on_penalties_in_Champions_League_final$AAA$.html.txt	7	0.6374614497261929	2	0.3267762983077131	9	0.031555378881335236	10	0.0032490773402407093	0	2.11466325176039E-4	6	1.8163298619953343E-4	4	1.482824274360078E-4	3	1.3030508561773894E-4	11	1.1004679724643388E-4	12	5.519853476188871E-5	8	4.408130994541963E-5	5	3.852860849944951E-5	1	3.825366963549511E-5	
149	11.html.txt	8	0.9962496085369478	9	0.001230469531225424	2	6.317912348526619E-4	0	3.4037659109550147E-4	6	2.9235679308101304E-4	10	2.7360822955594186E-4	4	2.3867567154258802E-4	3	2.097393086490302E-4	11	1.7713152993289558E-4	7	1.4380601071685396E-4	12	8.884766442164048E-5	5	6.201572004326742E-5	1	6.15731779354658E-5	
150	Amtrak_train_smashes_freighter_in_Chicago$AAA$.html.txt	2	0.6174930513128842	10	0.3300657265367025	9	0.044258577455000586	11	0.006324317371730868	0	4.193546004050847E-4	6	3.6019270815189906E-4	4	2.940558883441972E-4	3	2.584053847083588E-4	7	1.771735005804065E-4	12	1.0946309994628338E-4	8	8.741675584566656E-5	5	7.640530570529509E-5	1	7.586007999461305E-5	
151	Australia_stingray_deaths_possible_revenge_for_Steve_Irwin$AAA$.html.txt	4	0.6120523825257689	2	0.24614433157713894	9	0.13755815709361457	0	8.398834162097889E-4	6	7.213939752282359E-4	10	6.751316646157975E-4	3	5.175343183697422E-4	11	4.3707422416944524E-4	7	3.5484309647629313E-4	12	2.1923270245036115E-4	8	1.750782833018022E-4	5	1.530245503693738E-4	1	1.5193257228674232E-4	
152	Huckabee__Obama_win_Iowa_caucuses$AAA$.html.txt	2	0.5121997397385258	11	0.4681681159035742	3	0.016554944523747846	9	0.0013509915240215837	0	3.737157872470216E-4	6	3.209925474946369E-4	10	3.0040760023086673E-4	4	2.620534690713303E-4	7	1.5789151754805553E-4	12	9.755011279573095E-5	8	7.790309608595351E-5	5	6.809003393290898E-5	1	6.7604145723985E-5	
153	146.html.txt	3	0.7763774607022802	9	0.15884860831888506	11	0.052890377317514954	0	0.0114104285622166	2	1.6039483895444954E-4	6	7.422154369457827E-5	10	6.946178657649741E-5	4	6.059334759265251E-5	7	3.650848675510784E-5	12	2.2556037564705E-5	8	1.8013153561402027E-5	5	1.5744126984135538E-5	1	1.5631777419602628E-5	
154	French_police_search_for_missing_explosives$AAA$.html.txt	2	0.5416752927102371	0	0.3571865560229523	9	0.09925861892683886	6	3.3946470220918765E-4	10	3.17695153204302E-4	4	2.7713385726710674E-4	3	2.4353493278459393E-4	11	2.0567301148315036E-4	7	1.669776990280527E-4	12	1.0316382809862198E-4	8	8.23861847273379E-5	5	7.200841039100641E-5	1	7.149456077849449E-5	
155	122.html.txt	1	0.641466514162596	9	0.2134577432690561	7	0.14310931701408902	2	5.208017016781803E-4	0	2.80581144648668E-4	6	2.4099719485547356E-4	10	2.2554227359472572E-4	4	1.9674647103572199E-4	3	1.728934857393104E-4	11	1.4601405831694543E-4	12	7.323940610178493E-5	8	5.848867138444982E-5	5	5.1121146903634074E-5	
156	Man_shot_on_London_Underground_unconnected_to_bombing__says_Scotland_Yard$AAA$.html.txt	6	0.5285502146143496	2	0.35765564009594925	0	0.07466830646483351	9	0.03813012457942128	10	2.0540240051685087E-4	4	1.79177928819555E-4	3	1.5745490385714875E-4	11	1.3297568393497562E-4	7	1.079576438834945E-4	12	6.669946873359403E-5	8	5.326590582745715E-5	5	4.655626691982841E-5	1	4.622404295339374E-5	
157	105.html.txt	1	0.6278826042549153	9	0.23727897154171365	11	0.05922250846135541	4	0.055575212255832965	3	0.018622077822945893	2	4.707932354539255E-4	0	2.53639157611928E-4	6	2.1785614128319215E-4	10	2.0388523381382822E-4	7	1.0716023478688866E-4	12	6.620680548906876E-5	8	5.287246710169538E-5	5	4.621238769636235E-5	
158	140.html.txt	9	0.8113472866857704	2	0.04600342252740389	0	0.02478427568286129	6	0.021287748767200177	10	0.019922585653110975	4	0.01737899666738196	3	0.01527201629924015	11	0.012897704439234279	7	0.010471130823033024	12	0.006469378524877609	8	0.0051664175714002895	5	0.004515629871245279	1	0.004483406487240729	
159	76.html.txt	12	0.7918062909177256	9	0.20035439387335227	4	0.004878644419492613	10	0.0024768353259073295	2	1.5362933483937535E-4	0	8.276757637685613E-5	6	7.109085593326301E-5	3	5.100119897189675E-5	11	4.307213779092364E-5	7	3.496854744666813E-5	8	1.7253353150493934E-5	5	1.5080034818865374E-5	1	1.4972424193852772E-5	
160	Arctic_air_brings_coldest_night_for_Florida_in_five_years$AAA$.html.txt	4	0.6065796102753405	2	0.3284857229983917	0	0.06318922566520367	9	8.227201512135026E-4	6	1.9547645748884508E-4	10	1.8294073788998515E-4	3	1.402365124435844E-4	11	1.1843420368640806E-4	7	9.61519971685554E-5	12	5.940558628472626E-5	8	4.744104300598984E-5	5	4.146513284306914E-5	1	4.1169239039436064E-5	
161	Obama_s_first_State_of_the_Union_speech_focuses_on_economy__jobs$AAA$.html.txt	3	0.38964155943097833	2	0.25784364660218667	11	0.15972832326685685	9	0.14315116909814202	0	0.04910621629506532	6	1.2556996625775931E-4	10	1.1751728355996999E-4	4	1.0251342445751174E-4	7	6.176602131620206E-5	12	3.816089958414131E-5	8	3.04751285450065E-5	5	2.663632950415436E-5	1	2.6446253546080453E-5	
162	98.html.txt	7	0.9853849583038745	9	0.00489005403586957	2	0.002510824688801074	0	0.001352703078591835	6	0.0011618658403478826	10	0.0010873564872871647	4	9.485297289144261E-4	3	8.335326692065692E-4	11	7.039449013950606E-4	12	3.5309275764832624E-4	8	2.8197834157230863E-4	5	2.464589446460495E-4	1	2.447002218452156E-4	
163	First_Swahili_office_suite_released_in_Dar_es_Salaam__Tanzania$AAA$.html.txt	3	0.40273380861941244	9	0.3429561385060796	2	0.24863712276386998	6	0.0025531896866221914	5	0.0024411371251127543	0	1.6558084238780667E-4	10	1.3310046084043996E-4	4	1.1610704080530846E-4	11	8.616805240728399E-5	7	6.995639834775152E-5	12	4.3221160044454135E-5	8	3.451623055464921E-5	1	2.9953113515342104E-5	
164	10.html.txt	8	0.9920152780864929	9	0.002619715068859067	2	0.0013451068688131351	0	7.246743313438512E-4	6	6.224384081700025E-4	10	5.825220241071025E-4	4	5.081493181610736E-4	3	4.4654273304333114E-4	11	3.771195680669444E-4	7	3.06168307062642E-4	12	1.8915995838312554E-4	5	1.3203375799293105E-4	1	1.3109156950390932E-4	
165	South_American_leaders_end_border_dispute$AAA$.html.txt	8	0.4003532751241748	2	0.32400554182825714	0	0.13700015381370856	9	0.12759162303737318	4	0.006832407360590005	11	0.0034551036811563186	6	1.9678062923029569E-4	10	1.841612743360677E-4	3	1.4117213660517401E-4	7	9.679350008508142E-5	12	5.980192601745989E-5	5	4.174177820079726E-5	1	4.144391026512738E-5	
166	153.html.txt	11	0.68649516792371	9	0.21464516040897239	6	0.049000484757236604	3	0.04430805636341223	2	0.002623436844602231	4	0.0024388750012487494	0	1.598016892488423E-4	10	1.2845494789962477E-4	7	6.751475876389696E-5	12	4.1712641914345974E-5	8	3.3311534532582056E-5	5	2.9115447660491004E-5	1	2.890768079802013E-5	
167	86.html.txt	4	0.4312212051234727	9	0.3517809785983911	3	0.07710761270991	11	0.074008262116567	0	0.046397850899751396	2	0.015787975505572358	12	0.003134290839733579	6	1.8163298619953343E-4	10	1.6998503526901855E-4	7	8.934259705300015E-5	8	4.408130994541963E-5	5	3.852860849944951E-5	1	3.825366963549511E-5	
168	5.html.txt	1	0.4672660278719103	6	0.342470480710133	10	0.11456178021204659	9	0.07118832529983601	2	0.0014523831234300266	0	7.824692544730175E-4	4	5.486757305245362E-4	3	4.821558378738395E-4	11	4.07195969981878E-4	7	3.305861358802551E-4	12	2.042460250216328E-4	8	1.6310998784545383E-4	5	1.4256384104348636E-4	
169	52.html.txt	10	0.966454854981554	9	0.02932420973511168	2	0.0011508168220559119	0	6.200008567040336E-4	6	5.32532103897281E-4	4	4.34751168858424E-4	3	3.820431676231952E-4	11	3.2264762965699393E-4	7	2.619447170461343E-4	12	1.618372987410109E-4	8	1.2924256336343138E-4	5	1.1296252610143574E-4	1	1.121564292864887E-4	
170	111.html.txt	11	0.46815120976351576	0	0.2906286642158563	9	0.21340751342046393	3	0.01751657996358122	4	0.008875281174433175	2	5.523967576590331E-4	6	2.556175769282501E-4	10	2.3922506444835006E-4	7	1.257345301259138E-4	12	7.768256196770068E-5	8	6.203695634719616E-5	5	5.422247221232861E-5	1	5.3835542460866925E-5	
171	66.html.txt	12	0.9833025203072324	9	0.010002503640576867	11	0.004607978090083571	2	5.67142343186964E-4	0	3.0554709655779337E-4	6	2.6244098925060213E-4	10	2.4561089781782334E-4	4	2.1425286099759384E-4	3	1.8827745053057803E-4	7	1.2909086638618247E-4	8	6.369296035704363E-5	5	5.566987770567559E-5	1	5.527261931693576E-5	
172	152.html.txt	6	0.5697781365158857	9	0.2021841693909172	10	0.14493204507715288	0	0.04112608333696329	7	0.04100126941370567	2	4.011604511206362E-4	4	1.515488578911265E-4	3	1.3317550328946417E-4	11	1.1247095644202806E-4	12	5.641447233548942E-5	8	4.505235240673478E-5	5	3.937733361389545E-5	1	3.909633827585949E-5	
173	6.html.txt	6	0.5950258822726684	9	0.38780726109295727	10	0.005229720941885837	3	0.0051658520209789255	11	0.00513324424226279	2	6.317912348526619E-4	0	3.4037659109550147E-4	4	2.3867567154258802E-4	7	1.4380601071685396E-4	12	8.884766442164048E-5	8	7.095335863880738E-5	5	6.201572004326742E-5	1	6.15731779354658E-5	
174	Wikinews_interviews_Jeff_Jacobsen__creator_of_LisaMcPherson.org$AAA$.html.txt	6	0.37223723322870855	2	0.3555179654557291	9	0.14727322049180477	3	0.07622470979820298	11	0.048018970687654615	0	1.9358439824598535E-4	10	1.55610831823847E-4	4	1.357434308358904E-4	7	8.178764573433034E-5	12	5.0530859355715046E-5	8	4.035372465367712E-5	5	3.527056842460422E-5	1	3.501887882585255E-5	
175	Steve_Fossett_breaks_record_for_longest_nonstop_flight__lands_safely$AAA$.html.txt	2	0.5645091001860472	10	0.2005322143812084	9	0.13304597767481494	4	0.10037442050319412	0	3.618999972170993E-4	6	3.108437106731957E-4	3	2.2300198427894634E-4	11	1.8833228214507102E-4	7	1.5289945383943716E-4	12	9.446586618500986E-5	8	7.544003014802981E-5	5	6.593722805331754E-5	1	6.546670219527778E-5	
176	144.html.txt	3	0.7325628081947606	9	0.2519121984977871	0	0.006688810185418623	1	0.006336715995694071	2	7.978741020033136E-4	6	3.6921043040187253E-4	10	3.45533316093842E-4	4	3.01417820629453E-4	11	2.2369519009652128E-4	7	1.8160918565156528E-4	12	1.1220359915572431E-4	8	8.960530660299486E-5	5	7.831817570427381E-5	
177	Officer_held_after_phone-hacking_investigation__leak_$AAA$.html.txt	2	0.5957936688756491	6	0.35508737776455856	9	0.047194737002176516	0	3.92960635527436E-4	10	3.158773740162194E-4	4	2.7554816056077634E-4	3	2.4214148145893823E-4	11	2.0449619743341283E-4	7	1.660222907282858E-4	12	1.0257354820990108E-4	8	8.191478977380339E-5	5	7.159639469465265E-5	1	7.108548521239456E-5	
178	148.html.txt	7	0.849377313226883	9	0.14452749492888886	10	0.004905526537386478	12	9.844645324883856E-4	2	6.21909326238723E-5	0	3.35052727480467E-5	6	2.8778401183221244E-5	4	2.3494252197601577E-5	3	2.0645875556996798E-5	11	1.743609983159885E-5	8	6.984357020357492E-6	5	6.104572608911245E-6	1	6.061010582578392E-6	
179	40.html.txt	10	0.7822638431455817	9	0.19862012768289947	6	0.01379412313109206	2	0.0016604852286400038	0	8.945839551267677E-4	4	6.272917463386853E-4	3	5.512406704377594E-4	11	4.655403126138171E-4	7	3.7795357613764464E-4	12	2.3351104958856085E-4	8	1.864809092668277E-4	5	1.6299084475164354E-4	1	1.618277475250301E-4	
180	46.html.txt	9	0.8563997498269479	5	0.07619859448710792	3	0.052949958565259414	0	0.006257958950579823	4	0.006137796302580751	2	7.464800524541992E-4	6	3.454282082361443E-4	10	3.232762252525566E-4	11	2.0928614779917968E-4	7	1.699110600168118E-4	12	1.0497614645345034E-4	8	8.383349428842648E-5	1	7.275053302339209E-5	
181	Ingrid_Newkirk__co-founder_of_PETA__on_animal_rights_and_the_film_about_her_life$AAA$.html.txt	10	0.43213508791619887	9	0.3412146730749847	2	0.13983372066472663	6	0.04031742052381694	4	0.028467071896127197	0	0.01783758850967219	3	5.009560686310333E-5	11	4.230733639647374E-5	7	3.434763575709941E-5	12	2.1220999040381906E-5	8	1.6946997598501457E-5	5	1.481226933868873E-5	1	1.4706569479203177E-5	
182	22.html.txt	3	0.50536579137174	9	0.27932760155543224	11	0.21386636750921603	2	4.128534003641888E-4	0	2.2242415735780255E-4	6	1.9104490452643582E-4	10	1.7879337621095554E-4	4	1.559661754464566E-4	7	9.397218138220582E-5	12	5.8058830745641656E-5	8	4.6365529886027675E-5	5	4.05250967146884E-5	1	4.0235910977483854E-5	
183	French_parliament_approves_bill_on_Armenian_Genocide_denial$AAA$.html.txt	9	0.7622501947033404	3	0.11609614313924697	2	0.06618776734228769	0	0.027316341997265774	11	0.02718905524351154	6	2.2795879314359185E-4	10	2.1334001220366382E-4	4	1.8610211674646466E-4	7	1.1212958079179814E-4	12	6.927701642140966E-5	8	5.532432420786949E-5	5	4.8355396664501945E-5	1	4.801033416827417E-5	
184	33.html.txt	0	0.6659286272996161	9	0.3179017166913303	2	0.014017675694970508	6	3.886718738189792E-4	10	3.6374671562474384E-4	4	3.173058491846126E-4	3	2.788365861008963E-4	11	2.3548638266928745E-4	7	1.9118198370804952E-4	12	1.1811796076730725E-4	8	9.432849007976869E-5	5	8.24464034559674E-5	1	8.185806867342175E-5	
185	159.html.txt	0	0.5501523646249339	9	0.362905683254255	3	0.06845731580289866	6	0.007032762381115281	11	0.006953351790977316	2	0.003851054343088174	10	1.8856447259930903E-4	4	1.644897604131171E-4	7	9.91077812660963E-5	12	6.123175830835751E-5	8	4.88994160467707E-5	5	4.273980194895482E-5	1	4.2434812149137635E-5	
186	119.html.txt	11	0.7403341249273685	9	0.2231726077723601	7	0.03186130462576544	5	0.0032166649978981393	2	4.0498380591831687E-4	0	2.181844250173964E-4	6	1.8740330700478007E-4	10	1.7538531088038723E-4	4	1.529932302146755E-4	3	1.3444476400051617E-4	12	5.6952143840394714E-5	8	4.548173453361172E-5	1	3.946895519784467E-5	
187	24.html.txt	4	0.5479037749132114	9	0.29922949707572266	6	0.08405773397092871	0	0.06558977582187137	2	0.001182851871283256	10	5.122546633686982E-4	3	3.9267802405492096E-4	11	3.316291048153797E-4	7	2.6923641781431083E-4	12	1.6634233006539379E-4	8	1.3284026179837352E-4	5	1.1610704051515433E-4	1	1.1527850455033224E-4	
188	4.html.txt	6	0.7355508091667404	9	0.19582463183912877	7	0.03845949425030385	10	0.022557095728637542	4	0.006548425516800934	2	4.075734562272656E-4	0	2.1957959528197743E-4	3	1.3530446485655656E-4	11	1.1426893232922069E-4	12	5.731632170315428E-5	8	4.577256539194546E-5	5	4.0006824982862483E-5	1	3.9721337615433475E-5	
189	75.html.txt	12	0.7285294873526158	9	0.2535888341969175	10	0.01664565236131747	2	3.504324412201425E-4	0	1.8879495816304494E-4	6	1.6216006024610932E-4	4	1.3238502471157483E-4	3	1.1633503900516313E-4	11	9.824864769755646E-5	7	7.976415090562218E-5	8	3.935533972129908E-5	5	3.4397945032990606E-5	1	3.4152482445628505E-5	
190	Daughter_of_U.S_ambassador_Eric_John_dies_after_New_York_City_fall$AAA$.html.txt	2	0.5259448045201831	10	0.4708361224345442	9	0.001358383239625805	0	3.757605083033867E-4	6	3.22748802496957E-4	4	2.634872491373286E-4	3	2.315428008004458E-4	11	1.9554527386833875E-4	7	1.5875539357783255E-4	12	9.808384130410778E-5	8	7.83293293529407E-5	5	6.846257673378136E-5	1	6.79740300718679E-5	
191	One_million_protest_against_Spanish_abortion_liberalisation$AAA$.html.txt	0	0.4281707526041908	2	0.34749845644305155	9	0.17942543754918652	3	0.043947413003959004	6	1.9876984588109423E-4	10	1.8602292441196442E-4	4	1.6227270092862418E-4	11	1.2042958377809171E-4	7	9.777196652667908E-5	12	6.0406451917438256E-5	8	4.824032995010195E-5	5	4.2163737621070224E-5	1	4.186285859706462E-5	
192	70.html.txt	12	0.7282209148592512	9	0.08959575035139676	2	0.04600342252740389	0	0.02478427568286129	6	0.021287748767200177	10	0.019922585653110975	4	0.01737899666738196	3	0.01527201629924015	11	0.012897704439234279	7	0.010471130823033024	8	0.0051664175714002895	5	0.004515629871245279	1	0.004483406487240729	
193	117.html.txt	11	0.6881444251741732	9	0.25632923316121464	2	0.014533877431709167	0	0.007830104918689924	6	0.006725445942531818	10	0.006294149480564371	4	0.0054905525192033055	3	0.004824893471697679	7	0.003308148037522595	12	0.0020438730288793745	8	0.0016322281173543327	5	0.0014266245307411308	1	0.0014164441857183654	
194	Asian_countries_call_for_global_currency$AAA$.html.txt	9	0.6212066022872801	2	0.18033563892974558	3	0.16089896989686037	8	0.037014133779283705	0	1.1045567194589836E-4	6	9.487275821106855E-5	10	8.878865831595838E-5	4	7.745268730885858E-5	11	5.7480986276325535E-5	7	4.666651573325277E-5	12	2.8831972383678086E-5	5	2.012473303919387E-5	1	1.998112361610088E-5	
195	0.html.txt	6	0.6164711309562829	9	0.3817085111800383	2	5.003597508029483E-4	0	2.695680739214747E-4	10	2.166895297149438E-4	4	1.8902398917203418E-4	3	1.6610725571981913E-4	11	1.4028287080816753E-4	7	1.1389005689993704E-4	12	7.036469133637697E-5	8	5.619293666748201E-5	5	4.911459437064071E-5	1	4.876411426492814E-5	
196	51.html.txt	10	0.8202047762057614	9	0.11082689716360794	2	0.06734712949061238	0	3.273957107436696E-4	6	2.8120723506112823E-4	4	2.2957334072360943E-4	3	2.0174051865619813E-4	11	1.703762968858888E-4	7	1.383217069550069E-4	12	8.545929714971657E-5	8	6.824742326267998E-5	5	5.965063777006114E-5	1	5.9224972810401604E-5	
197	Football__FC_Bayern__Jupp_Heynckes_reach_agreement__club_s_head_coach_until_season_end$AAA$.html.txt	1	0.5223796695388789	2	0.34747093161098574	7	0.1206446682060897	9	0.004559551397286995	6	0.0038681562007752378	0	2.5085976399165936E-4	10	2.0165104677636705E-4	4	1.7590552405798436E-4	3	1.5457923618697673E-4	11	1.3054709094839103E-4	12	6.548130720825428E-5	8	5.229308732794941E-5	5	4.570598948581014E-5	
198	83.html.txt	9	0.6319648493318305	0	0.24061885511626646	7	0.10526558921944744	2	0.020661038959849956	6	2.9528371179657093E-4	10	2.7634744775360495E-4	4	2.410651637880881E-4	3	2.1183910561767088E-4	11	1.789048753873052E-4	12	8.973715937432744E-5	8	7.166370544191405E-5	5	6.263658802358878E-5	1	6.218961542260758E-5	
199	131.html.txt	8	0.5235513319730637	9	0.23992296635580548	0	0.23450629114896465	2	5.853724827976011E-4	6	2.708768535994134E-4	10	2.5350577819644604E-4	4	2.2113977327787999E-4	3	1.9432941305804488E-4	11	1.641173820379724E-4	7	1.3324034410539836E-4	12	8.231987885269195E-5	5	5.745932202220936E-5	1	5.704929421856828E-5	
200	Inquiry_blames_surgical_failures_for_Scottish_patient_deaths$AAA$.html.txt	6	0.529425208895081	2	0.3424672287666406	9	0.12329677535518213	8	0.003651627415002535	0	2.472472957233148E-4	10	1.987472012326779E-4	4	1.7337242303861513E-4	3	1.5235324116575456E-4	11	1.286671672170132E-4	7	1.0445973133482645E-4	12	6.453835350098934E-5	5	4.50478072645422E-5	1	4.472634761584694E-5	
201	160.html.txt	10	0.6925904628299465	9	0.16588068946689039	0	0.14070432699133018	2	2.6350724364584385E-4	6	1.2193605807760514E-4	4	9.95467566880303E-5	3	8.747798965457266E-5	11	7.387794993115665E-5	7	5.997855527789966E-5	12	3.705654948121784E-5	8	2.9593199352769372E-5	5	2.5865492507386054E-5	1	2.5680917216386293E-5	
202	U.S._Congress_reaches_deal_on_payroll_tax_cut_extension$AAA$.html.txt	3	0.6050580784185637	2	0.37074125755268694	9	0.015574502206131649	10	0.007534547072686037	0	2.517794355485109E-4	6	2.1625878590474868E-4	4	1.7655040749642434E-4	11	1.3102568681591694E-4	7	1.0637451914727493E-4	12	6.57213668128184E-5	8	5.248479788475702E-5	5	4.58735512256404E-5	1	4.554619909560664E-5	
203	99.html.txt	7	0.8265409439604846	9	0.151384245580352	2	0.010727099440150632	12	0.010442383916818492	0	1.784909234431697E-4	6	1.5330970265599845E-4	10	1.4347809700399885E-4	4	1.2515972640757267E-4	3	1.0998571541776089E-4	11	9.288644159360887E-5	8	3.720740743091164E-5	5	3.2520576996466035E-5	1	3.228851124473566E-5	
204	125.html.txt	7	0.4731070644018914	1	0.4500709789802674	9	0.07461172687929778	2	5.853724827976011E-4	0	3.1536855724537447E-4	6	2.708768535994134E-4	10	2.5350577819644604E-4	4	2.2113977327787999E-4	3	1.9432941305804488E-4	11	1.641173820379724E-4	12	8.231987885269195E-5	8	6.574029745587298E-5	5	5.745932202220936E-5	
205	Up_to_one-half_of_Somali_food_aid_diverted_from_needy$AAA$.html.txt	2	0.3589913171896906	8	0.32495790957472154	0	0.19071770705982882	9	0.12416680131623244	6	2.2029691468381378E-4	10	2.0616948273396966E-4	4	1.7984707485948348E-4	3	1.580429245250818E-4	11	1.3347228612754523E-4	7	1.0836081535868999E-4	12	6.694856015719992E-5	5	4.6730132874460744E-5	1	4.639666820637843E-5	
206	Former_mayor_receives_two_year_sentence_for_underwear_theft_in_Lancashire__England$AAA$.html.txt	6	0.5239388957293899	2	0.3412387394916681	9	0.10850579554582872	7	0.021627124392478225	4	0.0037599237355065095	0	2.4636037684305887E-4	10	1.9803426059300131E-4	3	1.5180672369763512E-4	11	1.2820561579927184E-4	12	6.430684324704217E-5	8	5.1355165513226496E-5	5	4.488621297628045E-5	1	4.456590645903132E-5	
207	89.html.txt	3	0.8518780105576598	9	0.1472918783187361	2	2.202549269977683E-4	0	1.1866201537438606E-4	6	1.0192136352188722E-4	10	9.538524326138599E-5	4	8.32070622569109E-5	11	6.175155659364487E-5	7	5.013362111563252E-5	12	3.097405402541601E-5	8	2.4735744918780827E-5	5	2.1619907237284386E-5	1	2.1465628301030993E-5	
208	151.html.txt	10	0.8173871080922772	9	0.15087197474613498	11	0.022625169834584728	3	0.007655701094691062	2	4.778523711272223E-4	0	2.574422564901797E-4	6	2.2112270490978332E-4	4	1.8052123753126368E-4	7	1.0876700943693993E-4	12	6.719951903558412E-5	8	5.366524382520316E-5	5	4.6905302313585094E-5	1	4.6570587642233305E-5	
209	157.html.txt	9	0.4504715185185836	7	0.3713468989902198	2	0.04600342252740389	0	0.02478427568286129	6	0.021287748767200177	10	0.019922585653110975	4	0.01737899666738196	3	0.01527201629924015	11	0.012897704439234279	12	0.006469378524877609	8	0.0051664175714002895	5	0.004515629871245279	1	0.004483406487240729	
210	116.html.txt	6	0.8898305651264081	9	0.10133144908706365	2	0.0076316291590926314	0	2.4636037684305887E-4	10	1.9803426059300131E-4	4	1.7275050612397785E-4	3	1.5180672369763512E-4	11	1.2820561579927184E-4	7	1.0408501618303366E-4	12	6.430684324704217E-5	8	5.1355165513226496E-5	5	4.488621297628045E-5	1	4.456590645903132E-5	
211	Mysterious_dimming_of_Tabby_s_star_likely_due_to_space_dust__not_alien_superstructures__say_scientists$AAA$.html.txt	12	0.7384345141037452	2	0.18538445614994148	9	0.07539612486077409	0	1.428499897298259E-4	6	1.226969362218855E-4	10	1.1482849821213422E-4	4	1.0016792611643439E-4	3	8.802385025957422E-5	11	7.433894660706264E-5	7	6.0352820056964596E-5	8	2.9777860223079963E-5	5	2.6026892574357152E-5	1	2.584116553786791E-5	
212	European_Court_of_Human_Rights_rules_Germany_allowed_to_ban_incest$AAA$.html.txt	2	0.5042944629692597	6	0.38813791021715105	9	0.10562113569980705	0	3.9750955348288565E-4	10	3.195339750303491E-4	4	2.787379100212628E-4	3	2.4494451472279003E-4	11	2.0686344834921374E-4	7	1.6794416714800686E-4	12	1.0376094107580463E-4	8	8.286303655561857E-5	5	7.242519558697314E-5	1	7.19083718092174E-5	
213	City_of_S_o_Paulo_celebrates_451_years_of_existence$AAA$.html.txt	2	0.8781590708240375	8	0.06759416264273987	9	0.02166570927988701	6	0.019841655230407658	11	0.009981012479999652	0	6.618237596515319E-4	10	5.320002370712561E-4	4	4.640778314668226E-4	3	4.0781434866026775E-4	7	2.796145127571748E-4	12	1.7275422823448357E-4	5	1.2058254906553282E-4	1	1.197220760211124E-4	
214	19.html.txt	5	0.882832718005332	9	0.11627174574530301	2	2.2373403389382802E-4	0	1.2053637905658214E-4	6	1.0353129490239341E-4	10	9.689193127121373E-5	4	8.452138592741757E-5	3	7.427425231863751E-5	11	6.272697298643932E-5	7	5.0925522705873035E-5	12	3.146331456740535E-5	8	2.5126466261086943E-5	1	2.1804695474094174E-5	
215	121.html.txt	7	0.5801643023867472	9	0.4161169068459615	2	9.601278682501334E-4	0	5.172674655528964E-4	6	4.4429217916386505E-4	10	4.1580014360361107E-4	4	3.627134266508075E-4	3	3.1873907739225375E-4	11	2.691853081406186E-4	12	1.3502105432033518E-4	8	1.0782722712345382E-4	5	9.424477232107417E-5	1	9.357224477220182E-5	
216	100.html.txt	7	0.9853849583038745	9	0.00489005403586957	2	0.002510824688801074	0	0.001352703078591835	6	0.0011618658403478826	10	0.0010873564872871647	4	9.485297289144261E-4	3	8.335326692065692E-4	11	7.039449013950606E-4	12	3.5309275764832624E-4	8	2.8197834157230863E-4	5	2.464589446460495E-4	1	2.447002218452156E-4	
217	42.html.txt	0	0.7162909787516442	9	0.21021547316727465	3	0.05749497146080274	10	0.015108891764966999	2	3.1807980308614546E-4	6	1.4718911254885036E-4	4	1.2016296905958898E-4	11	8.917813203683087E-5	7	7.240016171178497E-5	12	4.473099030962327E-5	8	3.572197444207298E-5	5	3.1222256548412316E-5	1	3.099945556805415E-5	
218	129.html.txt	6	0.5608754418409865	10	0.35241423558780754	9	0.08138841653077923	2	0.0016604852286400038	0	8.945839551267677E-4	4	6.272917463386853E-4	3	5.512406704377594E-4	11	4.655403126138171E-4	7	3.7795357613764464E-4	12	2.3351104958856085E-4	8	1.864809092668277E-4	5	1.6299084475164354E-4	1	1.618277475250301E-4	
219	38.html.txt	11	0.5938591400867875	9	0.2039602161584798	0	0.1591240927898376	4	0.0421911637044186	2	2.980032809600748E-4	6	1.378988481367984E-4	10	1.2905552595132594E-4	3	9.89298342169703E-5	7	6.783041715574948E-5	12	4.1907665131605E-5	8	3.3467279226234396E-5	5	2.9251573976497213E-5	1	2.9042835721179967E-5	
220	108.html.txt	9	0.4542298632931739	5	0.3637723190124646	4	0.16907974704074158	2	0.003563698013140567	0	0.0019199370211102687	6	0.0016490753039236539	10	0.0015433216706066018	3	0.0011830609800788628	11	9.991326983724601E-4	7	8.111559110009459E-4	12	5.011564385590431E-4	8	4.0022135360224777E-4	1	3.4731126322533145E-4	
221	102.html.txt	7	0.9853849583038745	9	0.00489005403586957	2	0.002510824688801074	0	0.001352703078591835	6	0.0011618658403478826	10	0.0010873564872871647	4	9.485297289144261E-4	3	8.335326692065692E-4	11	7.039449013950606E-4	12	3.5309275764832624E-4	8	2.8197834157230863E-4	5	2.464589446460495E-4	1	2.447002218452156E-4	
222	25.html.txt	0	0.8125100707684525	11	0.10055291226156408	9	0.04114892031042297	10	0.04073618227905314	4	0.004378547787193936	2	2.72520447900687E-4	6	1.2610685271033633E-4	3	9.047015403552386E-5	7	6.203010787338232E-5	12	3.8324060175925035E-5	8	3.060542788444226E-5	5	2.675021568954843E-5	1	2.6559327043457702E-5	
223	Technology_Brief_for_December_22__2005$AAA$.html.txt	2	0.6868056188389973	1	0.2852132850546367	9	0.025030801906150885	0	5.292254681707759E-4	6	4.545631654434024E-4	10	4.2541246128613154E-4	4	3.7109850476662194E-4	3	3.261075723696114E-4	11	2.7540823696139716E-4	7	2.235929418719785E-4	12	1.3814242233312063E-4	8	1.1031993805172134E-4	5	9.642348896031276E-5	
224	95.html.txt	5	0.854157061161494	9	0.12604355618176163	2	0.00494652868998	0	0.002664934998099705	6	0.0022889701295445	10	0.0021421806486896337	4	0.001868680652337607	3	0.0016421270989790575	11	0.001386828664879233	7	0.0011259107733084946	12	6.956214281792806E-4	8	5.555202490885305E-4	1	4.8207932365831836E-4	
225	Indian_Government_blocks_Blogger__Typepad_and_Geocities$AAA$.html.txt	9	0.48290458893942295	1	0.33425996820022497	2	0.17883775472709493	0	7.171075934628955E-4	6	6.159391738547374E-4	10	5.764395795169536E-4	4	5.028434413987755E-4	3	4.418801257624597E-4	11	3.7318184763458117E-4	7	3.029714292006887E-4	12	1.8718483140435795E-4	8	1.4948499277762868E-4	5	1.3065511824406984E-4	
226	49.html.txt	9	0.45969163289118087	5	0.43602599352367966	10	0.04434812696705126	3	0.023258199140263607	4	0.019057939802847163	0	0.008569769053062438	8	0.008455267955222352	2	2.68502420287758E-4	6	1.2424753969264175E-4	11	7.527841773136863E-5	7	6.111553912014496E-5	12	3.775901218333353E-5	1	2.616773767736244E-5	
227	107.html.txt	5	0.6152985470056349	9	0.37968321093603463	2	0.004592356678030125	0	7.641338544639183E-5	6	6.56331043379608E-5	10	6.142411568043746E-5	4	5.358187537974092E-5	3	4.708576046159805E-5	11	3.9765425195394196E-5	7	3.228395963144172E-5	12	1.994599806529473E-5	8	1.5928787361472933E-5	1	1.3822968740590927E-5	
228	34.html.txt	0	0.7639944340797588	9	0.1306787853247536	10	0.09969058734308943	2	0.0018012619055903256	6	8.335208296142181E-4	4	6.804738198704395E-4	3	5.979750998958606E-4	11	5.050090275808659E-4	7	4.0999664859166853E-4	12	2.533082203343575E-4	8	2.0229084377781394E-4	5	1.768092811349983E-4	1	1.7554757600768894E-4	
229	British_Formula_Two_driver_Henry_Surtees_dies_after_race_accident$AAA$.html.txt	5	0.4810504583268699	2	0.4122158418584921	10	0.10423841119518512	9	0.0010758417368763704	0	2.976029342161383E-4	6	2.556175769282501E-4	4	2.0868233020511094E-4	3	1.833822751250905E-4	11	1.5487217520030025E-4	7	1.257345301259138E-4	12	7.768256196770068E-5	8	6.203695634719616E-5	1	5.3835542460866925E-5	
230	Payment_pending__Canadian_recording_industry_set_for_six_billion_penalties_$AAA$.html.txt	5	0.5977265747465856	9	0.2841611259204961	2	0.10105389668011618	0	0.015601164336616624	11	0.001148562074261075	6	6.541475699146246E-5	10	6.121977074193249E-5	4	5.3403619902911294E-5	3	4.692911617426239E-5	7	3.2176557780027114E-5	12	1.98796419818099E-5	8	1.5875795681612645E-5	1	1.3776982670364898E-5	
231	Masked_man_kills_two_in_sword_attack_at_Swedish_school$AAA$.html.txt	6	0.47327996993246096	2	0.45667527023827087	9	0.06862441174807578	0	2.9006139691437836E-4	10	2.3316287708516063E-4	4	2.0339412435591372E-4	3	1.7873519638582954E-4	11	1.5094756911617638E-4	7	1.225482992792274E-4	12	7.571401303414004E-5	8	6.046488172497403E-5	5	5.2848423942744225E-5	1	5.2471299353860974E-5	
232	U.N._pulls_out_of_southern_Somalia$AAA$.html.txt	9	0.2921993726715385	2	0.2722403647704152	8	0.23268233065979704	0	0.2020026031344779	6	1.6534170983348114E-4	10	1.547385029865039E-4	4	1.3498247539461312E-4	3	1.1861758211896012E-4	11	1.0017632809513618E-4	7	8.13291575874819E-5	12	5.024759163408485E-5	5	3.50728473946113E-5	1	3.482256872652864E-5	
233	158.html.txt	6	0.7813358132490009	0	0.13497570681641308	9	0.08191492656655591	2	5.722340494659513E-4	10	2.478159501572049E-4	4	2.161763862831549E-4	3	1.899677730546754E-4	11	1.6043383806240715E-4	7	1.3024982195145536E-4	12	8.047224461644185E-5	8	6.426478478537826E-5	5	5.616967227977073E-5	1	5.576884737363607E-5	
234	128.html.txt	6	0.38216351693438694	11	0.373773472606421	9	0.08959575035139676	2	0.04600342252740389	0	0.02478427568286129	10	0.019922585653110975	4	0.01737899666738196	3	0.01527201629924015	7	0.010471130823033024	12	0.006469378524877609	8	0.0051664175714002895	5	0.004515629871245279	1	0.004483406487240729	
235	90.html.txt	6	0.8738521703402907	0	0.09991638933915954	11	0.0202016380794162	9	0.0024637348296265567	2	0.0012650179714804408	10	5.478381282290656E-4	4	4.7789364144462784E-4	3	4.199551689392805E-4	7	2.879387650988122E-4	12	1.7789720087466808E-4	8	1.4206793140446203E-4	5	1.2417234687867805E-4	1	1.2328625715691028E-4	
236	Nadal_withdraws_from_French_Open_2016__suffers_from_wrist_injury$AAA$.html.txt	2	0.7449092730112611	7	0.20361302565167624	9	0.04951663424931692	0	3.677129969776493E-4	6	3.1583662150382985E-4	10	2.9558231887790267E-4	4	2.578442489423533E-4	3	2.265839419777137E-4	11	1.913573595682034E-4	12	9.598321921550517E-5	8	7.665178168314602E-5	5	6.699634132724035E-5	1	6.651825767223693E-5	
237	35.html.txt	10	0.5278200794595088	9	0.2355955668915813	0	0.16263926378008287	4	0.0723636326728184	2	5.748143415454073E-4	6	2.6599115062173983E-4	3	1.9082436720635566E-4	11	1.611572591206533E-4	7	1.308371385996792E-4	12	8.083510644822839E-5	8	6.455456466709695E-5	5	5.642295004369336E-5	1	5.602031775589115E-5	
238	Eric_Bailly_leaves_Villarreal_for_four-year_deal_with_Manchester_United$AAA$.html.txt	2	0.5071470990956621	7	0.3914865053308767	9	0.09925861892683886	0	3.952220056785023E-4	6	3.3946470220918765E-4	10	3.17695153204302E-4	4	2.7713385726710674E-4	3	2.4353493278459393E-4	11	2.0567301148315036E-4	12	1.0316382809862198E-4	8	8.23861847273379E-5	5	7.200841039100641E-5	1	7.149456077849449E-5	
239	18.html.txt	7	0.9979768827302138	9	6.769158087847339E-4	2	3.4756608259733137E-4	0	1.8725071170461288E-4	6	1.6083367366687704E-4	10	1.5051956289853776E-4	4	1.3130218273555268E-4	3	1.1538347772554394E-4	11	9.744502387344108E-5	12	4.8877592735444345E-5	8	3.903343311650235E-5	5	3.411658738810762E-5	1	3.387313255950613E-5	
240	Typhoon_Etau_causes_more_leakage_at_Fukushima$AAA$.html.txt	2	0.5148397653018228	4	0.31416264622662726	9	0.13123416713570926	10	0.03818350723086514	0	3.7169319867519314E-4	6	3.1925530256049234E-4	3	2.290365335312037E-4	11	1.9342865129205066E-4	7	1.57036992291486E-4	12	9.702216147535817E-5	8	7.748147645619634E-5	5	6.77215236125326E-5	1	6.723826508095192E-5	
241	59.html.txt	6	0.6381765897274976	9	0.22294521590314514	11	0.06533985613792305	5	0.04111576564553391	2	0.031726428405757894	0	1.6598101743076248E-4	10	1.3342213744182787E-4	4	1.1638764778478569E-4	3	1.0227713877956765E-4	7	7.01254686599334E-5	12	4.332561675169132E-5	8	3.459964922703722E-5	1	3.002550406677793E-5	
242	106.html.txt	10	0.9246485563091486	3	0.04577390705520642	9	0.010903021946397667	2	0.005598215578958764	0	0.0030160303433587354	6	0.0025905334916877013	4	0.0021148724278515236	11	0.001569538220368615	7	0.0012742453600685798	12	7.872669826375836E-4	8	6.287079905498413E-4	5	5.495127993783091E-4	1	5.455914943877166E-4	
243	UEFA_Euro_2016__day_2__Albania-Switzerland__Wales-Slovakia__England-Russia_face_off$AAA$.html.txt	7	0.6083396282032224	2	0.3700469397638297	9	0.012504369825584418	4	0.004034929570954582	12	0.0039185541939774655	0	2.6437950329906407E-4	6	2.2708125577055E-4	10	2.1251875046906607E-4	3	1.6291006988597976E-4	11	1.3758274548652166E-4	8	5.511135079516981E-5	5	4.816925044405484E-5	1	4.782551628104158E-5	
244	Journalists_deported_from_Fiji$AAA$.html.txt	2	0.6244746680868595	0	0.3172930985455879	4	0.055582332420035074	9	0.001249040690559522	6	2.967692587690551E-4	10	2.777377280093846E-4	3	2.1290484994907817E-4	11	1.7980493043733578E-4	7	1.4597643775340481E-4	12	9.018861930964451E-5	8	7.202423938402862E-5	5	6.295170731391146E-5	1	6.250248603219495E-5	
245	Obama_administration_drops_use_of_term__enemy_combatant_$AAA$.html.txt	11	0.5409108376822102	2	0.32000261763427784	9	0.11324281249224086	3	0.017706573590013173	0	0.007264355819266628	6	2.0714583164903344E-4	10	1.9386176616624704E-4	4	1.6911072923959992E-4	7	1.0189199085180123E-4	12	6.295192645513467E-5	8	5.027313485223211E-5	5	4.3940480288811044E-5	1	4.362692248844592E-5	
246	139.html.txt	4	0.5365865673650251	0	0.3043813092183961	9	0.10663581772576099	10	0.05091503751399878	2	5.383985060482768E-4	6	2.4913998793381554E-4	3	1.7873519638582954E-4	11	1.5094756911617638E-4	7	1.225482992792274E-4	12	7.571401303414004E-5	8	6.046488172497403E-5	5	5.2848423942744225E-5	1	5.2471299353860974E-5	
247	92.html.txt	6	0.5593298117620534	9	0.2697472827757711	10	0.1657361228443405	2	0.0016183254374763686	0	8.718704301426439E-4	4	6.113647819982849E-4	3	5.372446461758678E-4	11	4.537202241122607E-4	7	3.6835731863129933E-4	12	2.2758219402558893E-4	8	1.8174615098347127E-4	5	1.5885250021367863E-4	1	1.5771893407552732E-4	
248	147.html.txt	3	0.7929614163262713	6	0.1122532541202779	9	0.09363309195105109	2	3.4851631114939807E-4	0	1.8776264592824845E-4	10	1.509310759703598E-4	4	1.31661156436472E-4	11	9.771143376950863E-5	7	7.932800838529643E-5	12	4.9011221666744044E-5	8	3.914014860023226E-5	5	3.420986045777252E-5	1	3.396574003565987E-5	
249	63.html.txt	12	0.7956694999897355	9	0.201366887280921	3	0.0020527348792977605	2	2.5105246897314345E-4	0	1.3525414545378396E-4	6	1.1617270179630682E-4	10	1.0872265674500658E-4	4	9.484163964155588E-5	11	7.03860792450124E-5	7	5.714364500809187E-5	8	2.8194465015589574E-5	5	2.464294971683232E-5	1	2.446709845037072E-5	
250	Fighting_continues_in_Tripoli__Lebanon$AAA$.html.txt	0	0.5032722919581734	2	0.48439418976834464	9	0.010769085350253322	6	2.8255419984847443E-4	10	2.644342673190913E-4	4	2.3067298243802307E-4	3	2.0270684292147457E-4	11	1.7119238852184493E-4	7	1.389842591420213E-4	12	8.586864175277063E-5	8	6.857432408349975E-5	5	5.993636053463208E-5	1	5.950865666686357E-5	
251	68.html.txt	12	0.8345570352212922	9	0.09860211523785993	4	0.06535218595906317	2	4.1554500648709327E-4	0	2.2387425616599455E-4	6	1.9229042565892363E-4	10	1.7995902325593482E-4	3	1.3795082547082997E-4	11	1.1650386819975321E-4	7	9.458483492597683E-5	8	4.666781089914965E-5	5	4.0789300905213004E-5	1	4.049822981572547E-5	
252	16.html.txt	7	0.9979768827302138	9	6.769158087847339E-4	2	3.4756608259733137E-4	0	1.8725071170461288E-4	6	1.6083367366687704E-4	10	1.5051956289853776E-4	4	1.3130218273555268E-4	3	1.1538347772554394E-4	11	9.744502387344108E-5	12	4.8877592735444345E-5	8	3.903343311650235E-5	5	3.411658738810762E-5	1	3.387313255950613E-5	
253	23.html.txt	3	0.5818844702700857	9	0.24736764586763718	11	0.16315660106872248	4	0.004513637213495053	7	0.002267698474843365	2	2.809284024900831E-4	0	1.513497603425585E-4	6	1.299975724679472E-4	10	1.2166095158825047E-4	12	3.950645569935338E-5	8	3.154968381027725E-5	5	2.7575528433993343E-5	1	2.7378750383711752E-5	
254	Indonesian_president_sworn_in_for_a_second_term$AAA$.html.txt	2	0.45133087856374166	11	0.36549490488002556	3	0.10457945105835745	9	0.07708968635758652	0	3.2584238673929084E-4	6	2.798730515819579E-4	10	2.619250585449504E-4	4	2.2848413347620415E-4	7	1.3766544170567969E-4	12	8.505383680523478E-5	8	6.792362439387342E-5	5	5.936762622017165E-5	1	5.894398082148364E-5	
255	UN_Security_Council_calls_for_release_of_British_soldiers_in_Iran$AAA$.html.txt	0	0.4753284360252743	2	0.39923257108844473	9	0.11557090936023573	6	0.008733002840349287	10	2.341518148289244E-4	4	2.042568008203231E-4	3	1.79493284397329E-4	11	1.51587798599937E-4	7	1.2306807601258373E-4	12	7.60351466818173E-5	8	6.072133766023083E-5	5	5.307257541054551E-5	1	5.269385128427144E-5	
256	53.html.txt	10	0.9674813860277383	9	0.01848013855877034	2	0.012103684499473036	0	3.9072499623844396E-4	6	3.3560212383939133E-4	4	2.7398050660751885E-4	3	2.407638854340393E-4	11	2.033327736904265E-4	7	1.650777534834739E-4	12	1.0198998478482269E-4	8	8.144875855894127E-5	5	7.118906709372207E-5	1	7.068106428762536E-5	
257	Mahmoud_Abbas_asks_UN_urgently_attend_to_hunger-striking_Palestinian_prisoners$AAA$.html.txt	2	0.4289331315066004	4	0.3193068444738002	9	0.17593255550362746	11	0.07446633217953995	0	3.0020468781660157E-4	6	2.578522791930865E-4	10	2.413164573789638E-4	3	1.849854699854655E-4	7	1.2683374733396747E-4	12	7.836169131104876E-5	8	6.257930608901986E-5	5	5.4696504878290115E-5	1	5.430619244554995E-5	
258	28.html.txt	10	0.7949000401205668	6	0.10562795639488008	9	0.0976782361562521	2	5.59672442473666E-4	0	3.015226986232333E-4	4	2.114309105323921E-4	3	1.8579762535280488E-4	11	1.5691201543775778E-4	7	1.273905948996987E-4	12	7.870572843027256E-5	8	6.285405263710586E-5	5	5.493664298219146E-5	1	5.454461693195899E-5	
259	69.html.txt	12	0.4658722295906178	9	0.3015747881590183	10	0.19080857972841916	2	0.011835181321384194	0	0.0063761863902865945	6	0.005476643969996049	4	0.004471049444629321	3	0.0039289920643833035	11	0.003318159003866051	7	0.002693880696739638	8	0.0013291508627012237	5	0.0011617243972361158	1	0.0011534343707222132	
260	Bill_passed_to_raise_US_debt_limit$AAA$.html.txt	2	0.5798810159024222	3	0.41649205246917903	9	0.001497686917351814	0	4.142951568649191E-4	6	3.5584704300666513E-4	10	3.330269100427272E-4	4	2.9050815293532465E-4	11	2.155986542525837E-4	7	1.7503593174931662E-4	12	1.0814244584263279E-4	8	8.636208721859449E-5	5	7.548348839361752E-5	1	7.494484074049626E-5	
261	12.html.txt	3	0.5339787484343516	6	0.19648618532309486	9	0.16975349188852273	0	0.07484633412093619	11	0.015840654670179685	4	0.008039209888857795	2	5.003597508029483E-4	10	2.166895297149438E-4	7	1.1389005689993704E-4	12	7.036469133637697E-5	8	5.619293666748201E-5	5	4.911459437064071E-5	1	4.876411426492814E-5	
262	109.html.txt	4	0.8304209940522664	9	0.16299359751034923	3	0.005435009934894261	2	3.3924161254026043E-4	0	1.8276591580306293E-4	6	1.569815857686463E-4	10	1.4691450573936745E-4	11	9.511114199007904E-5	7	7.721693540104984E-5	12	4.770693749156284E-5	8	3.809855292688542E-5	5	3.3299469365429973E-5	1	3.3061845463758405E-5	
