#doc name topic proportion ...
0	20.html.txt	1	0.9857324743299182	0	0.014267525670081981	
1	South_Ossetia_holds_parliamentary_elections$AAA$.html.txt	1	0.9925712466207589	0	0.007428753379241064	
2	Brazil_defeat_Japan_4-1_in_Group_F$AAA$.html.txt	1	0.9991719628366922	0	8.280371633077436E-4	
3	32.html.txt	0	0.9975761354021634	1	0.0024238645978365515	
4	Runaway_EMU_train_collides_with_freight_train_in_India$AAA$.html.txt	1	0.9993915067267621	0	6.084932732378331E-4	
5	7.html.txt	1	0.9993965070005497	0	6.034929994503012E-4	
6	81.html.txt	0	0.9005438605098534	1	0.09945613949014669	
7	Large_earthquake_off_Japan__tsunami_warning_issued$AAA$.html.txt	1	0.945999141058726	0	0.054000858941274044	
8	60.html.txt	1	0.9996463981864276	0	3.536018135723674E-4	
9	47.html.txt	0	0.9995776479677625	1	4.223520322375369E-4	
10	New_study_claims_Stonehenge_was_a_place_of_healing$AAA$.html.txt	1	0.9992813500947796	0	7.186499052203706E-4	
11	43.html.txt	1	0.9407523993138792	0	0.05924760068612071	
12	USPTO_partially_confirms_validity_of_Amazon__1-click_patent_$AAA$.html.txt	1	0.9993652087407277	0	6.347912592723439E-4	
13	57.html.txt	1	0.9992404721023642	0	7.595278976357174E-4	
14	48.html.txt	0	0.9005438605098534	1	0.09945613949014669	
15	Rosetta_spacecraft_passes_Lutetia_asteroid$AAA$.html.txt	1	0.9952289644303258	0	0.0047710355696741966	
16	80.html.txt	0	0.9605817496947288	1	0.0394182503052712	
17	3.html.txt	1	0.5989684942699091	0	0.40103150573009094	
18	Poisoned_liquor_kills_17_in_Kenyan_slum$AAA$.html.txt	1	0.9988378232203011	0	0.001162176779698988	
19	15.html.txt	1	0.8635170960477636	0	0.1364829039522364	
20	41.html.txt	0	0.999857543891144	1	1.4245610885597348E-4	
21	Bomb_scare_aboard_plane_caused_by_harmless_prayer_box$AAA$.html.txt	1	0.9991946632173216	0	8.053367826783302E-4	
22	73.html.txt	1	0.8225246725841657	0	0.17747532741583427	
23	72.html.txt	1	0.9870976142693431	0	0.012902385730656833	
24	US__North_Korea_form_agreement_to_search_for_war_dead$AAA$.html.txt	1	0.8664406553197176	0	0.13355934468028233	
25	58.html.txt	1	0.5189223595073534	0	0.4810776404926467	
26	65.html.txt	1	0.7060792049417624	0	0.2939207950582377	
27	Chlorine_spill_in_China_s_Jiangsu_province_kills_28__injures_hundreds$AAA$.html.txt	1	0.9990297485420633	0	9.702514579366437E-4	
28	1.html.txt	0	0.9536392563403917	1	0.04636074365960824	
29	54.html.txt	0	0.9226211218587768	1	0.07737887814122327	
30	64.html.txt	1	0.8061809141277226	0	0.19381908587227734	
31	50.html.txt	0	0.8545782127820578	1	0.14542178721794224	
32	9.html.txt	0	0.9949789687839133	1	0.005021031216086668	
33	UK_PM_Brown_meets_with_US_President_Bush_at_Camp_David$AAA$.html.txt	0	0.6221687316752591	1	0.3778312683247409	
34	78.html.txt	1	0.9635964382278615	0	0.03640356177213852	
35	Colombia_signs_FTA_with_Mercosur$AAA$.html.txt	1	0.9787923165096497	0	0.021207683490350293	
36	New_findings_suggest_AIG_executive_bonuses_were_larger_than_previously_thought$AAA$.html.txt	1	0.9991990547501755	0	8.009452498244892E-4	
37	Frank_Messina__An_interview_with_the__Mets_Poet_$AAA$.html.txt	0	0.8342928539454341	1	0.1657071460545659	
38	2.html.txt	1	0.9995796014215927	0	4.2039857840727883E-4	
39	Technology_Brief_for_December_14__2005$AAA$.html.txt	1	0.9992813500947796	0	7.186499052203706E-4	
40	45.html.txt	1	0.8865048553693243	0	0.11349514463067571	
41	British_national_Akmal_Shaikh_executed_in_China$AAA$.html.txt	1	0.8633799953918412	0	0.13662000460815885	
42	13.html.txt	0	0.9831737464376759	1	0.016826253562324152	
43	36.html.txt	0	0.9996343190574465	1	3.656809425535158E-4	
44	14.html.txt	0	0.9982989317566366	1	0.0017010682433633044	
45	29.html.txt	0	0.8822123611560275	1	0.11778763884397252	
46	21.html.txt	1	0.7886090765970529	0	0.21139092340294705	
47	Passenger_plane_traveling_to_Iran_crashes_in_Kyrgyzstan__killing_68$AAA$.html.txt	1	0.9991118817706313	0	8.881182293687021E-4	
48	67.html.txt	1	0.956595359856684	0	0.043404640143316055	
49	8.html.txt	1	0.7875820692703711	0	0.21241793072962892	
50	44.html.txt	1	0.9383885795245601	0	0.061611420475439944	
51	Doris_Lessing_wins_Nobel_Prize_for_Literature$AAA$.html.txt	1	0.8703413296222097	0	0.12965867037779025	
52	31.html.txt	0	0.9423576960527187	1	0.0576423039472813	
53	27.html.txt	1	0.887286562862575	0	0.11271343713742495	
54	30.html.txt	0	0.9999618892409754	1	3.8110759024726697E-5	
55	55.html.txt	1	0.9383885795245601	0	0.061611420475439944	
56	56.html.txt	1	0.9383885795245601	0	0.061611420475439944	
57	Wikinews_Shorts__January_1__2009$AAA$.html.txt	1	0.999373333757463	0	6.266662425370655E-4	
58	39.html.txt	1	0.6861022915145929	0	0.31389770848540705	
59	37.html.txt	0	0.9996348821771917	1	3.6511782280837307E-4	
60	54_killed__20_injured_in_Tanzanian_bus_crash$AAA$.html.txt	1	0.9982385042598552	0	0.0017614957401449174	
61	26.html.txt	1	0.6632792783783039	0	0.33672072162169614	
62	82.html.txt	0	0.6812388733908451	1	0.31876112660915484	
63	BP_says_Gulf_oil_spill_slowed_as_estimates_of_oil_spilled_increase$AAA$.html.txt	1	0.9993365349743161	0	6.634650256838946E-4	
64	NYC_s_transit_workers_approve_strike_authorization$AAA$.html.txt	1	0.9395877223651629	0	0.060412277634837155	
65	71.html.txt	0	0.9995806360399084	1	4.193639600916109E-4	
66	_1m_offer_for_NBC_to_include_U.S._presidential_candidate_Gravel_in_TV_debate$AAA$.html.txt	1	0.9924058827931459	0	0.00759411720685409	
67	74.html.txt	1	0.9548192383154576	0	0.045180761684542416	
68	77.html.txt	1	0.8879780276910679	0	0.11202197230893206	
69	62.html.txt	1	0.997970814467805	0	0.0020291855321951354	
70	61.html.txt	1	0.9993596739928067	0	6.403260071932534E-4	
71	Al-Qaeda_warns_Saudi_Arabia_of_attacks$AAA$.html.txt	1	0.9992161521613937	0	7.838478386062725E-4	
72	79.html.txt	1	0.9769923341039313	0	0.023007665896068813	
73	17.html.txt	0	0.9495135711736435	1	0.0504864288263564	
74	George_H._W._Bush_to_attend_Sydney_CEO_conference$AAA$.html.txt	1	0.777493324408807	0	0.2225066755911929	
75	Lavalas_candidate_barred_from_elections$AAA$.html.txt	1	0.9992161521613937	0	7.838478386062725E-4	
76	11.html.txt	0	0.9627377626942049	1	0.03726223730579509	
77	Chaudhry_s_son_marries_Tui_Lau_descendant_in_Fiji$AAA$.html.txt	1	0.8952291450873318	0	0.10477085491266822	
78	Burns_engages_India_on_civil_nuclear_energy_pact$AAA$.html.txt	0	0.6951502108727118	1	0.3048497891272882	
79	BBC_to_cut_Electric_Proms_for_financial_reasons$AAA$.html.txt	1	0.999211946607733	0	7.880533922669161E-4	
80	WikiLeaks_releases_Iraq_War_logs$AAA$.html.txt	1	0.825392743896172	0	0.17460725610382802	
81	British_counterterrorism_agents_say_many_of_Manchester_arena_suicide_bomber_s_confederates_in_custody$AAA$.html.txt	1	0.8810229428543304	0	0.1189770571456696	
82	76.html.txt	1	0.8522782499443302	0	0.14772175005566973	
83	Indian_foreign_minister_injured_in_road_accident$AAA$.html.txt	1	0.9991118817706313	0	8.881182293687021E-4	
84	10.html.txt	0	0.9987611206380692	1	0.0012388793619307803	
85	FIFA_bans_Sergio_Jadue_for_life$AAA$.html.txt	1	0.9992076956827991	0	7.92304317200858E-4	
86	5.html.txt	1	0.9993786358615794	0	6.213641384205553E-4	
87	52.html.txt	1	0.99979554036132	0	2.0445963868000194E-4	
88	66.html.txt	1	0.956595359856684	0	0.043404640143316055	
89	6.html.txt	0	0.6113483027156886	1	0.38865169728431137	
90	Nuclear_arms_agreement_reached_with_North_Korea$AAA$.html.txt	1	0.7477098807966451	0	0.2522901192033548	
91	40.html.txt	1	0.9765070368147474	0	0.02349296318525272	
92	46.html.txt	1	0.9990101321769358	0	9.898678230641225E-4	
93	22.html.txt	1	0.5189223595073534	0	0.4810776404926467	
94	33.html.txt	0	0.9964964794241322	1	0.003503520575867791	
95	24.html.txt	1	0.9988734771943591	0	0.0011265228056407555	
96	4.html.txt	0	0.9005438605098534	1	0.09945613949014669	
97	75.html.txt	1	0.8325686124287808	0	0.16743138757121934	
98	The_Pirate_Bay_and_Piratbyr_n_raided$AAA$.html.txt	1	0.9996087192410976	0	3.912807589023803E-4	
99	70.html.txt	0	0.9957741417553488	1	0.0042258582446511135	
100	Two_arrests_made_in_Zotob_worm_attack$AAA$.html.txt	1	0.9913566063702686	0	0.008643393629731402	
101	0.html.txt	1	0.8543122264174267	0	0.14568777358257337	
102	51.html.txt	0	0.9888359257000554	1	0.011164074299944511	
103	83.html.txt	0	0.7109909812137145	1	0.2890090187862855	
104	Nelson_Mandela_charity_official_resigns_over__blood_diamonds_$AAA$.html.txt	1	0.9369103114791263	0	0.06308968852087371	
105	Hanoi_hosts_2007_International_Mathematical_Olympiad$AAA$.html.txt	1	0.9868599081709952	0	0.013140091829004746	
106	California_Supreme_Court_strikes_down_ban_on_gay_marriage$AAA$.html.txt	0	0.6441844689798476	1	0.35581553102015245	
107	Harrier_jet_crashes_in_Rutland__England__pilot_survives$AAA$.html.txt	1	0.9990841945222785	0	9.158054777214681E-4	
108	Forces_capture_Somali_pirates_who_mistakenly_attacked_naval_ship$AAA$.html.txt	1	0.9992778166311437	0	7.221833688563157E-4	
109	Formula_1__Barrichello_and_Alonso_top_timesheets_at_European_GP_Friday_Practice$AAA$.html.txt	1	0.9995060913222397	0	4.939086777603465E-4	
110	Armstrong_will_compete_in_2005_Tour_de_France$AAA$.html.txt	1	0.9990101321769358	0	9.898678230641225E-4	
111	Auto_parts_maker_Delphi_plans_to_cut_8_500_jobs__union_contracts$AAA$.html.txt	1	0.9988285542789311	0	0.0011714457210689462	
112	John_Couey_confessed_to_police_in_1991_to_molesting_his_stepdaughter__Never_prosecuted$AAA$.html.txt	0	0.5260257684218623	1	0.4739742315781376	
113	19.html.txt	1	0.6699155421703353	0	0.3300844578296647	
114	42.html.txt	1	0.9982593790241685	0	0.0017406209758315837	
115	38.html.txt	0	0.9918420632691874	1	0.008157936730812538	
116	Australian_politician_Karen_Overington_dies_aged_59$AAA$.html.txt	1	0.9005017857872344	0	0.09949821421276556	
117	25.html.txt	1	0.9864122498334146	0	0.01358775016658544	
118	49.html.txt	0	0.912883599360258	1	0.08711640063974196	
119	34.html.txt	0	0.9972532289898143	1	0.0027467710101857557	
120	35.html.txt	0	0.9005438605098534	1	0.09945613949014669	
121	18.html.txt	1	0.9993454054607812	0	6.545945392187763E-4	
122	59.html.txt	1	0.7484798307659699	0	0.2515201692340301	
123	Nelson_Mandela_dies_aged_95$AAA$.html.txt	0	0.5733084539274697	1	0.42669154607253035	
124	63.html.txt	1	0.8399321116438199	0	0.16006788835618008	
125	Australian_government_paves_way_for_nuclear_waste_dump_in_Northern_Territory$AAA$.html.txt	1	0.7992144106386792	0	0.20078558936132088	
126	68.html.txt	0	0.9981089955702903	1	0.0018910044297097768	
127	16.html.txt	1	0.9487633380230196	0	0.05123666197698041	
128	23.html.txt	1	0.5189223595073534	0	0.4810776404926467	
129	Blast_kills_8__injures_126_at_a_mall_in_Manila__The_Philippines$AAA$.html.txt	1	0.9991672683221847	0	8.327316778152541E-4	
130	53.html.txt	1	0.5580894716995904	0	0.44191052830040944	
131	28.html.txt	1	0.8428485710544675	0	0.15715142894553258	
132	69.html.txt	0	0.9997312942318424	1	2.6870576815761976E-4	
133	12.html.txt	0	0.9981815123165144	1	0.001818487683485573	
